100
2525 1
2400 5
300 2
120 60
60 90
1000000000 100
999999909 90
999999948 51
999999985 14
999999995 4
999999898 101
999999905 94
999999933 66
999999942 57
999999918 81
999999912 87
999999956 43
999999915 84
999999989 10
999999964 35
999999944 55
999999907 92
999999986 13
999999973 26
999999900 99
999999997 2
999999981 18
999999904 95
999999990 9
999999906 93
999999914 85
999999965 34
999999931 68
999999970 29
999999961 38
999999976 23
999999983 16
999999919 80
999999969 30
999999967 32
999999978 21
999999996 3
999999923 76
999999929 70
999999988 11
999999927 72
999999921 78
999999984 15
999999949 50
999999936 63
999999972 27
999999947 52
999999928 71
999999937 62
999999911 88
999999991 8
999999925 74
999999908 91
999999950 49
999999987 12
999999966 33
999999982 17
999999943 56
999999920 79
999999932 67
999999992 7
999999899 100
999999994 5
999999993 6
999999935 64
999999974 25
999999939 60
999999959 40
999999934 65
999999953 46
999999902 97
999999963 36
999999954 45
999999980 19
999999910 89
999999930 69
999999958 41
999999926 73
999999917 82
999999945 54
999999979 20
999999957 42
999999971 28
999999962 37
999999977 22
999999903 96
999999938 61
999999940 59
999999901 98
999999924 75
999999922 77
999999946 53
999999913 86
999999916 83
999999960 39
999999975 24
999999941 58
999999955 44
999999951 48
999999968 31
999999952 47
240443025 91
51382222 787
133089521 5498
32498360 5020
14691226 7434
127985723 259
213983696 2173
79342638 146
133610877 202
159196105 6552
26146846 7003
3944293 9153
118017399 8325
39653227 6739
94241002 4176
97938836 681
31214649 7855
211199237 1224
172492273 8340
187756473 5795
2020019 9003
140886034 7942
179156354 5926
153836787 2967
99450140 1267
171954149 2856
103819517 2185
156553682 8367
49634942 4466
209913194 6108
79478914 8114
135889224 4215
17894348 2744
137860620 8158
177066793 3871
42888851 3438
217864106 3012
88433227 1467
22163717 7143
202094196 5861
59015690 3706
234437472 9619
197485196 9394
206265631 1035
56006519 4089
112868746 5426
12630714 789
23389941 8099
32222510 2007
230209883 2045
136224484 3521
84503214 6382
161182706 3569
118138066 9056
196209673 3217
140694350 1314
131292946 2323
7250554 9799
209482167 6138
40933847 291
185584969 3712
133994018 4151
181431687 1797
35091635 8849
230418362 3047
81928016 6541
52347055 1609
24406047 6612
6716451 4529
115363178 9358
164978841 8325
131742249 2076
205450850 2049
88896826 1965
25567058 7401
55439822 2791
117896772 5998
191270786 821
200417542 600
126981243 7731
126476129 348
234621854 2294
74708925 7582
197653207 5331
185921265 2986
40062324 3228
11895242 5909
159513387 3125
213708681 4372
197057693 8308
93882176 1506
229794100 3619
255939104 100
162343066 3525
200983294 9623
234994137 7735
51944099 7012
224399218 9681
63088900 8668
52795806 1460
63263942 5646
183904424 3639
78676488 9513
181334715 3173
28370824 5269
46800948 6500
237774616 5658
44057374 8816
178700344 8037
60119951 7415
42116214 5587
36818091 8945
230745564 142
231051437 1612
112754508 9885
209750762 1648
179718215 5766
206354166 2517
26361911 7680
84453500 7589
158085141 9513
12833019 123
7532632 9555
235462133 1
111034430 8070
14351502 7979
169711581 9232
27355484 4926
75132312 5008
67140903 6873
53052880 2247
238595306 2919
106094861 1323
59264831 2994
201073803 261
93287347 3400
90604982 7530
71412414 3966
209352423 5768
62468689 2374
120133757 6976
17068319 3026
113919827 8896
81258828 7209
125166823 8560
57423171 5165
220745629 1804
45631466 5628
69455239 8612
162023604 1755
60959695 2668
105039732 7782
166130924 7021
178177117 8630
190404830 7525
97678172 6338
84979968 7842
133786223 9435
2641893 1014
128776592 8701
230234570 156
139198407 9156
78986803 5846
251078218 5878
74822617 3848
99822535 6512
78916852 2561
48432379 777
136218201 4447
107004499 7287
154312968 477
53934718 2416
223553982 5210
193055793 6364
64962542 6870
69520787 7581
100894520 9632
242152851 2346
101015615 8158
19097111 6229
234275749 1912
249513232 3204
96231214 2075
93865202 5333
191559884 4199
197837795 6364
31964007 3742
237198889 7643
61412710 1233
66438220 5551
39425241 610
86281731 6670
106554438 439
14379008 30
5934009 814
11616316 2501
3230814 1383
4184851 1954
11521037 790
8919500 7825
10990863 1961
13668272 5438
1056838 446
4471407 9685
12994954 6889
10940430 3806
3605133 9812
1171921 5533
12183484 2955
10508233 7258
2961939 1513
5644905 5021
11906956 3088
11376705 672
10344265 9953
1431980 3311
2266748 1414
12113607 4256
898070 6389
1719801 5892
13873011 2397
11897712 4745
830754 6703
6198781 8246
576121589 18
545166718 2613
121271706 2027
172282180 5527
151108352 9532
61932621 9252
502858889 8982
445884998 3294
131776838 9816
411171902 859
248313542 5320
104241062 105
102427182 7975
495340689 7193
27979732 8612
526637708 7565
512288920 6253
68206895 2779
36643975 7239
200000 100
7038 5
9868 10
2381 9
2302 8
3801 7
2917 7
6963 2
3612 9
9263 9
5977 9
4376 6
5031 7
6721 9
9707 5
8568 3
9099 6
4671 3
8290 5
982 7
1965 3
7334 4
3083 6
6800 5
9337 8
3749 2
9712 4
2122 4
1591 9
1757 5
1729 3
8844 9
5212 7
7551 4
9743 3
8900 10
5558 2
1776 6
7753 8
5000 9
6341 4
4574 5
5240 5
4205 2
3441 7
9429 9
4147 6
8270 4
9981 2
8858 4
4374 3
911 3
8077 8
1444 4
1413 6
550 7
1528 5
2780 9
5705 5
9177 7
8749 3
7001 3
7246 8
3622 4
8682 7
4421 10
3532 5
2812 6
2188 8
9798 8
4340 4
4005 2
9600 5
1026 2
7179 3
9651 2
750 8
6157 9
7660 3
5310 10
9034 9
4967 5
4962 4
1829 7
6334 7
8523 6
2310 10
7532 4
5338 5
5747 3
3464 2
7217 7
7795 8
5639 9
2915 2
6020 8
9982 1
3103 6
2275 2
124 3
7485 6
896432595 67
824414395 1286
712747653 2687
348157641 2552
834888565 865
191079802 9608
407256064 9201
30578304 9795
480059419 9328
294685125 8542
429760132 3109
201653041 7572
54349842 3815
508372499 6439
752411883 5988
86004704 9891
748563166 311
686538976 7961
273212147 2598
636307529 9950
696260707 4619
627246824 4829
464155411 6964
295617169 1059
459519260 266
44973577 9239
341289542 5122
825389493 2766
550192576 2135
614479463 9989
103807277 3615
553786736 3959
702315085 7340
721276645 8164
828113729 2036
106401934 6062
168568069 8256
101470384 9647
577228434 3178
470326485 3640
442717796 3183
290922707 3880
71330086 9723
530785173 8754
882630873 4686
750768878 2090
380015324 8889
39683147 8503
135230344 8504
507161283 411
532571381 8557
136720019 7676
131565395 3578
115807352 4082
200356488 4805
554744039 9890
154888327 1002
496396839 9292
216126998 8445
447256249 14
700229214 3484
261872138 3965
228497327 8278
876923529 697
878684975 4079
536684330 4445
830321942 6968
464386205 6300
4108963 12
1584027 124
3351408 3595
2412868 1400
412827 8625
1222974 6675
1465864 1436
479428 8971
3363863 6291
1257513 401
3357053 5907
925213 3182
1986442 9420
1000000000 100
69 33
70 32
57 45
13 89
76 26
60 42
25 77
39 63
85 17
97 5
78 24
3 99
14 88
94 8
61 41
63 39
95 7
82 20
49 53
58 44
79 23
48 54
23 79
31 71
29 73
19 83
46 56
59 43
1 101
99 3
84 18
86 16
73 29
80 22
71 31
34 68
35 67
42 60
32 70
67 35
44 58
21 81
2 100
83 19
66 36
68 34
75 27
88 14
9 93
11 91
22 80
62 40
41 61
45 57
38 64
16 86
53 49
43 59
17 85
96 6
91 11
47 55
15 87
24 78
65 37
7 95
72 30
26 76
89 13
87 15
81 21
10 92
40 62
27 75
90 12
92 10
20 82
51 51
93 9
18 84
5 97
50 52
100 2
52 50
8 94
12 90
64 38
37 65
6 96
54 48
74 28
33 69
30 72
36 66
55 47
56 46
77 25
4 98
98 4
28 74
200000 100
4178 2
4482 8
2366 10
756 10
6834 7
9500 6
5312 6
8965 6
4652 2
9730 8
8917 2
3750 7
3880 9
5438 3
6205 2
814 10
6926 8
5464 7
7760 7
1504 6
9740 2
6111 8
5942 7
5954 8
5489 7
4538 3
2697 5
5066 5
5447 10
3961 9
946 8
2336 4
9598 3
347 3
2112 10
5575 4
4934 10
8594 10
2803 8
9312 2
5000 4
3162 4
8 6
8384 2
1418 9
9176 8
3752 6
3318 4
32 3
9438 4
3290 6
4925 2
914 6
167 8
8710 8
8869 3
3089 6
8559 9
117 6
5335 9
5971 4
9933 1
3149 3
5689 3
8954 10
7420 6
5134 10
1371 10
993 5
2560 5
7770 6
9337 9
6522 3
2532 5
9932 2
5310 6
9656 9
1106 5
1918 4
2114 10
4518 5
65 9
4695 5
7162 2
4646 5
6669 3
8319 7
8534 6
3485 3
1575 8
1119 2
3398 5
2936 9
1069 4
6493 5
7627 7
2809 8
2625 7
3584 10
5337 5
200000 100
5975 9
2857 7
7614 8
4157 9
4119 8
2008 5
6160 7
6014 9
4765 3
8105 7
3956 9
1778 7
1230 4
5019 3
8625 8
9470 10
1836 4
8705 7
6222 6
1668 9
5629 2
7542 4
2945 4
6841 8
6162 10
6903 9
3417 6
8509 2
3350 10
317 3
182 7
5000 3
1250 4
7091 4
3366 9
1428 5
7018 10
6366 6
673 5
5639 9
496 10
1764 4
7474 5
8949 2
8638 4
3915 9
4653 10
7737 10
3879 8
8852 10
8074 8
5111 5
6637 10
1205 3
4333 4
8247 2
1940 9
2098 2
3911 3
406 2
878 10
3248 2
4038 2
4758 9
17 5
7372 2
9963 5
1451 10
9169 2
4357 6
8993 6
3882 4
9558 7
3686 4
4359 3
8510 4
2989 6
992 8
5438 7
9157 9
5891 7
9964 1
658 5
8000 2
8621 3
2220 3
108 7
6865 5
8821 7
7430 4
4922 3
303 2
6205 7
2950 5
942 6
773 8
8530 6
9450 3
9492 6
3820 4
944972673 1
329498529 75
1000000000 1
999999999 10000
633950278 1
525072610 6962
452935107 40
292425937 3156
256208509 4280
38120851 4590
350345191 3600
434306140 6166
207993122 838
447518234 3978
393302898 1181
432386796 1000
422738922 336
195508762 5082
252288311 2806
85649305 3334
289593298 2784
209440757 3496
239175432 3418
36024774 9505
311914511 7112
125526120 4511
19827390 902
404118463 6799
166076134 6641
409765842 7696
421978508 7661
127047263 2874
88429881 9913
109920052 7694
24007147 1148
265099982 2457
270949969 1055
153790246 7796
348273612 4212
340575742 3226
380617695 5997
386588480 5080
131410655 318
369520421 8117
201964875 8002
13882352 6473
387471099 4559
1000000000 100
999999923 77
999999944 56
999999980 20
999999922 78
999999945 55
999999959 41
999999973 27
999999936 64
999999917 83
999999926 74
999999928 72
999999988 12
999999984 16
999999993 7
999999976 24
999999912 88
999999919 81
999999997 3
999999933 67
999999942 58
999999968 32
999999967 33
999999900 100
999999913 87
999999977 23
999999972 28
999999935 65
999999930 70
999999920 80
999999909 91
999999996 4
999999901 99
999999978 22
999999987 13
999999943 57
999999899 101
999999955 45
999999953 47
999999940 60
999999906 94
999999924 76
999999952 48
999999960 40
999999965 35
999999929 71
999999925 75
999999938 62
999999914 86
999999966 34
999999964 36
999999921 79
999999954 46
999999962 38
999999903 97
999999986 14
999999963 37
999999961 39
999999990 10
999999916 84
999999957 43
999999915 85
999999902 98
999999974 26
999999985 15
999999969 31
999999941 59
999999904 96
999999981 19
999999932 68
999999971 29
999999908 92
999999910 90
999999937 63
999999992 8
999999982 18
999999949 51
999999951 49
999999998 2
999999991 9
999999994 6
999999907 93
999999995 5
999999905 95
999999956 44
999999958 42
999999927 73
999999983 17
999999939 61
999999918 82
999999911 89
999999931 69
999999948 52
999999947 53
999999979 21
999999989 11
999999950 50
999999934 66
999999946 54
999999970 30
999999975 25
514272678 17
431128945 4868
367582853 9163
161782959 4568
74037520 3865
169297328 3488
435368869 6651
244206677 1419
512784284 5967
472687907 6628
444223899 3036
124662093 8425
253486431 1190
388834176 9190
101214038 6981
311279035 8593
31005295 1040
68864074 3972
200000 100
6369 9
6781 4
7205 5
648 10
1031 9
2322 7
8774 8
5171 7
8354 5
1985 3
3734 5
7030 9
8270 3
4118 4
792 4
7010 6
2970 9
4592 4
2855 3
9974 4
8510 4
2844 7
8289 10
4792 5
5503 9
7902 9
8746 6
828 6
1125 8
4486 2
1219 10
6481 8
6096 5
9975 1
7773 10
9297 7
4159 7
4196 8
8751 5
109 10
803 10
6611 5
7148 10
7990 2
418 2
2296 10
1470 4
7250 6
5069 2
6633 7
3892 5
9520 9
1719 2
411 4
5000 2
5153 6
261 5
8108 5
9736 3
8643 6
3003 3
7800 2
5519 7
5562 10
3239 3
2825 5
554 9
2754 10
3864 3
174 9
8049 7
1514 8
8161 3
6563 8
7976 8
8874 6
1039 5
3271 5
2705 2
6248 8
2326 9
6586 9
4627 6
6893 6
6323 6
6436 5
5847 9
2709 2
2969 2
5232 10
3851 2
7760 9
8204 3
4189 10
603 5
2947 2
4590 8
4204 3
6028 10
4908 8
287000118 54
147392219 9806
248790860 4089
162907700 3391
112192866 5693
41332255 4742
86964770 2680
215888539 8645
249779693 734
144537859 794
203995995 2520
13082848 7538
269375104 2501
64937169 5414
242696876 9793
273561421 7119
40685381 6557
185541655 4609
41213900 8297
95258752 4506
257693843 8877
185505735 218
264180169 6108
39974298 9345
248256619 3815
235965278 3292
82348603 7300
243245690 6517
25172578 6998
92184808 9081
3633564 1214
217870822 1373
27080882 7341
135451176 4511
57160585 504
97353694 5803
97508560 7453
169487643 2484
264645620 3746
60834188 2972
132269023 1862
147323375 9050
99058637 4713
216956621 6486
155067261 6448
146126038 236
251685405 2655
69410096 1274
3939205 1666
267909152 4389
152370369 2778
281546026 9693
89767376 302
195298247 6049
153407692 7539
310903130 16
133048912 9405
103842942 8729
215976301 2659
194279719 7764
89257480 726
23324527 962
287947635 4640
119187843 5970
119318136 7238
69466889 8723
139206186 3077
170771827 5802
140872014 8213
9861479 1152
132555788 964
266211967 3641
200000 1000
7366 6
345 4
5845 9
6178 4
8999 3
3455 3
156 10
5368 9
2891 2
4955 8
9230 5
3765 5
1468 9
7800 8
6818 6
3214 4
2031 9
6498 8
9577 9
4791 7
6067 4
5559 9
394 2
892 10
4039 10
8050 7
7946 6
8936 4
7389 3
1485 10
4430 9
9333 3
9965 8
2339 6
9642 10
8067 8
3624 5
3130 7
4608 10
2181 6
1897 3
16 6
3851 4
8293 3
8884 6
9493 4
4813 3
1710 8
5411 4
706 9
5466 9
6034 10
3625 10
9277 10
3087 5
4934 8
9031 9
2010 5
1849 4
7615 5
3195 8
9498 5
365 2
6554 3
4466 3
6760 2
3567 4
482 6
7210 8
9278 2
8192 5
8576 4
371 2
9033 8
8360 7
3639 7
7608 2
1637 10
776 8
2702 6
3859 7
4551 6
7429 7
907 9
8262 10
6545 10
9231 8
5151 7
382 2
6501 10
9037 2
3146 3
1030 8
7101 2
4411 9
6603 5
367 5
2059 5
6331 9
3473 7
488 7
6417 2
7540 7
3650 6
690 3
1017 4
8925 8
5997 8
1658 7
3397 8
3023 5
2737 5
8789 8
3445 9
6478 10
5726 6
5198 3
1189 9
1879 3
2597 9
1854 10
5591 3
5080 5
7148 7
7173 6
3768 2
1226 9
4987 3
4507 8
1963 4
2556 6
6507 7
7833 9
1604 3
2445 2
4397 2
5702 3
3571 10
1898 7
3379 9
7326 4
8372 7
8413 5
3039 8
9425 6
9596 2
8764 5
5064 8
8512 2
5731 4
264 7
6096 6
8046 4
17 9
1765 3
5618 8
9833 5
4503 4
6272 7
3731 5
3922 6
9665 10
1220 10
116 5
3155 3
7826 9
1709 5
6441 5
2776 3
2835 9
2326 4
9838 3
1731 4
7731 2
7695 4
1431 5
1257 9
3360 8
486 5
8135 8
1654 2
8156 5
263 4
3785 7
9315 4
9799 4
9926 6
4597 4
8689 9
7964 4
2419 5
4555 4
9519 6
8888 7
7687 10
4734 10
7140 7
7667 7
3010 2
2245 4
2026 3
9654 10
9457 2
1956 4
8736 9
7323 3
1473 9
8550 4
8702 10
4918 5
9020 5
2888 6
9396 5
4699 2
6632 7
8057 2
1368 2
3953 8
7870 4
7954 4
7034 7
8321 10
9747 2
2085 4
1684 3
3350 5
6472 2
4349 7
5144 3
8567 9
5857 10
6547 6
9535 5
9756 7
4470 10
6644 2
1987 7
2351 9
9456 4
9131 9
9738 10
577 9
9944 10
2141 8
8225 5
7899 5
8434 2
4226 6
8036 3
2601 8
8669 6
5968 4
4634 8
1882 7
713 5
5321 7
5406 7
9406 4
9226 4
9532 9
8952 4
7541 9
1205 2
5118 5
4214 2
9118 3
8251 10
6681 7
484 6
7520 8
5810 6
1734 8
7700 9
2788 9
1891 3
1894 4
8008 10
4812 5
9205 3
8824 8
9401 3
4566 4
5969 3
7869 10
4938 4
4391 9
4246 10
1523 10
9154 6
1766 5
7304 10
4826 9
7568 9
9731 10
1015 4
1599 7
3052 6
8265 9
1936 3
7480 2
7311 10
1133 3
7670 6
6739 4
9404 10
2672 10
5663 7
3518 7
4300 2
9470 4
5889 2
5693 9
2431 3
6925 5
8438 8
7454 3
268 5
2449 10
7705 5
209 6
1701 3
8696 9
6969 2
4412 9
1071 10
4968 4
5617 6
8701 10
974 2
6224 6
4755 8
9079 4
3777 5
8795 7
8364 5
9791 9
3793 2
8065 3
4803 6
1760 9
6821 7
5000 10
5901 2
9923 9
6780 8
8939 4
9001 8
9831 8
6004 9
1587 3
1601 6
7796 8
39 9
1081 6
5033 3
7011 6
5534 2
203 10
1250 5
4893 4
3516 4
4889 9
2155 10
3337 10
4642 3
9247 2
5757 7
9150 10
7628 2
5197 8
7519 9
9514 4
9321 2
3430 7
9975 5
4525 6
9130 10
8786 8
5143 6
9302 10
5596 8
2653 5
8298 2
3615 9
8771 8
8323 3
4432 10
8131 10
7455 2
3596 9
6035 7
6722 2
7866 10
5797 9
2084 2
106 4
5999 5
1016 2
854 10
5090 10
8474 4
6249 7
5092 2
6838 9
6030 7
7921 9
1565 9
2829 5
1869 7
183 2
6040 9
1120 6
3829 10
4023 2
3032 7
4160 4
9769 6
5846 5
4075 2
900 2
1881 8
1429 9
8661 7
8152 6
7375 5
9897 6
1176 8
8502 5
3040 2
4354 3
1771 4
1275 5
1655 10
2970 4
6958 3
6291 8
9320 7
7088 2
5966 2
7881 4
4292 7
8874 6
3815 9
2510 8
3238 10
8867 4
5094 8
7300 7
2762 9
3012 7
527 9
8657 10
7433 9
2125 3
545 10
3378 4
2547 7
5998 4
1096 7
4001 8
7256 6
1079 7
7192 4
3463 3
110 9
811 6
7065 10
6341 4
691 4
2467 2
5612 5
2127 10
1391 7
3510 8
8699 7
59 3
4304 10
928 7
5882 8
3810 2
2568 10
7975 4
6041 9
5078 9
190 4
42 4
63 7
2590 4
4112 7
784 4
8878 2
425 3
671 10
5470 9
8245 5
1635 3
3690 3
2451 7
4568 8
2345 10
6360 8
8768 9
8593 8
9702 5
153 10
6888 10
3816 6
5052 3
6406 10
7478 4
1939 8
8542 4
7470 8
3603 10
4914 10
3674 4
1452 9
4837 10
3839 5
1929 2
4333 4
9973 6
7528 8
2756 4
7403 2
5174 9
9610 3
9525 3
8677 4
993 5
1872 8
1262 2
7822 2
362 5
8892 4
9605 10
9294 6
4562 8
5089 5
9336 4
8511 4
2456 2
7760 8
309 2
4340 10
7916 5
5501 7
4452 3
5540 10
1202 9
8746 6
6509 10
3591 5
4649 10
5224 3
9433 10
556 7
6719 4
9364 9
7710 9
3186 4
1858 2
1338 3
725 5
6627 9
8336 2
5084 5
3335 6
702 10
6508 8
1374 5
9889 10
6419 10
9987 1
6101 2
4325 2
1405 6
7577 3
8201 9
8001 6
3756 8
2546 9
9537 9
9018 8
3124 5
1414 4
2039 6
2450 8
6361 10
4782 9
2305 4
8013 5
3716 4
4399 9
6303 7
5770 7
4953 6
8739 3
3560 10
2129 6
8752 10
935 3
1265 5
9032 3
7490 9
8191 10
7244 4
3417 4
3234 10
4952 2
4406 5
4115 10
8501 6
3041 10
2903 9
1834 10
9395 7
2657 7
6929 6
4936 2
5202 4
2849 2
8490 7
6084 3
3626 8
6408 9
3310 5
3017 5
3862 6
8879 6
1846 4
6196 10
3072 3
8899 6
9914 7
2571 10
4915 5
3723 4
4131 5
8175 2
3886 7
1500 2
9347 7
4761 2
687 5
6624 8
2741 9
634 5
2708 2
6732 4
8796 2
4965 5
6153 7
1645 3
4345 6
829 5
1917 9
4627 7
5164 10
2859 4
563 3
3364 4
75 4
1703 6
4267 2
8180 7
8138 5
7340 5
6241 2
5680 7
5545 9
7495 3
274 4
6891 8
8389 3
1331 10
1715 9
3318 3
8895 5
8865 4
9837 7
773 6
4286 10
2606 9
3141 9
5789 7
5358 9
9816 6
2854 9
3227 8
6843 2
772 3
4394 9
4187 7
9942 3
7620 4
6770 2
2356 7
7115 3
6679 7
327 9
313 6
591 7
8569 10
6785 4
9452 9
363 5
2771 7
3942 4
7461 8
9566 6
2325 8
833 7
3172 6
3583 2
9256 7
4916 5
3648 8
2516 6
7169 7
2327 4
9407 5
835 5
7331 8
34 8
9158 10
3684 3
8458 4
4624 5
1408 10
7080 7
6394 6
1641 10
1035 3
9089 9
4154 10
3071 8
594 2
6964 6
2105 8
6171 10
3260 2
9968 5
5648 5
6862 4
4841 3
4164 2
3156 9
1482 9
6663 7
883 8
2940 2
632 4
1305 2
289 2
194 6
4798 8
6976 4
3714 2
7767 5
8605 4
2349 9
2968 4
3275 2
7163 9
3921 4
1447 4
6411 5
3645 5
2721 8
1198 8
85 6
7278 8
5842 2
1959 2
9041 10
6592 6
1674 2
596 3
4100 10
4106 2
7504 8
6048 4
3619 2
6497 2
9684 3
555 2
3047 5
888 8
985 5
3893 5
7712 2
3444 8
8199 10
5641 6
6109 5
1394 5
3717 4
7509 10
4475 7
7616 7
5860 9
2165 8
3190 4
8859 4
2947 6
6893 8
5607 5
464 2
9412 5
6401 6
8194 10
6755 6
5031 6
8545 3
903 2
2686 3
3324 7
742 3
2370 2
8062 9
2758 7
4682 7
7203 7
4222 9
4063 9
8711 9
5709 10
550 7
7765 4
4229 8
7489 9
1973 9
7586 4
999 6
1525 3
6229 2
233 2
955 3
49 3
6639 6
2922 4
3599 7
4381 2
7887 10
6005 5
8119 2
6016 9
4151 2
3453 3
8485 4
4541 2
2206 2
9289 4
7703 2
6670 8
6995 10
4707 6
5455 10
8105 7
7815 10
2498 5
3755 8
9742 8
4455 10
623 9
6396 2
7123 4
4323 6
954 6
5855 10
9249 6
6777 2
3725 10
1528 8
2890 4
8327 8
1031 6
8913 7
6616 9
2749 6
542 10
414 4
2745 6
2562 10
5088 7
688 9
9201 8
1314 9
1667 8
7821 8
9099 9
3576 2
6286 9
9332 3
6682 5
2006 9
1503 10
592 6
8376 8
5755 2
3728 2
4983 3
646 8
3515 7
8898 3
9087 9
2632 6
7744 6
347 5
6701 8
8842 4
269 8
8532 6
5208 6
6006 9
685 2
3311 9
2918 10
4453 9
3066 10
262 6
1626 10
846 10
2555 4
4767 3
8287 4
1842 6
8031 3
9543 10
8662 2
2427 3
2985 9
5535 7
6516 4
4040 9
1932 3
9876 3
729 8
4041 6
2738 3
4143 2
7623 3
8379 6
383 5
4822 4
3528 2
55 9
9144 4
7211 4
9476 9
7288 3
2200 6
759 10
1662 9
5167 10
8408 5
2810 3
4552 3
5864 3
2775 7
4181 5
6019 2
234 7
4026 10
9376 7
9930 7
8997 9
9108 10
8433 3
77 2
3237 7
1606 3
9430 3
4298 8
3861 6
271 10
9723 8
3394 9
1964 10
2352 10
7437 6
4587 9
4855 5
4843 9
5478 10
6807 7
2868 9
5351 8
2027 2
1494 6
9986 7
5956 7
2331 6
5291 9
7016 7
3852 5
3178 2
2803 10
2228 8
1000000000 100
12345601 77
12345608 70
12345619 59
12345605 73
12345617 61
12345593 85
12345657 21
12345580 98
12345610 68
12345670 8
12345652 26
12345643 35
12345606 72
12345656 22
12345632 46
12345650 28
12345622 56
12345624 54
12345590 88
12345581 97
12345675 3
12345640 38
12345631 47
12345583 95
12345644 34
12345616 62
12345647 31
12345667 11
12345628 50
12345671 7
12345596 82
12345595 83
12345659 19
12345614 64
12345665 13
12345655 23
12345602 76
12345676 2
12345669 9
12345582 96
12345638 40
12345629 49
12345612 66
12345620 58
12345584 94
12345645 33
12345637 41
12345664 14
12345642 36
12345633 45
12345607 71
12345599 79
12345615 63
12345603 75
12345577 101
12345674 4
12345588 90
12345630 48
12345668 10
12345648 30
12345654 24
12345662 16
12345589 89
12345594 84
12345579 99
12345586 92
12345598 80
12345663 15
12345625 53
12345592 86
12345639 39
12345578 100
12345604 74
12345618 60
12345597 81
12345609 69
12345600 78
12345658 20
12345627 51
12345636 42
12345623 55
12345641 37
12345585 93
12345673 5
12345666 12
12345672 6
12345613 65
12345626 52
12345587 91
12345649 29
12345661 17
12345653 25
12345635 43
12345646 32
12345634 44
12345660 18
12345591 87
12345621 57
12345651 27
12345611 67
419962566 38
265340147 1193
412427788 5159
376880021 4534
180397190 4237
411899664 7450
135501546 6041
347165114 3724
375575532 5782
83066692 5298
377632339 1652
393428684 3418
78518258 199
383098277 5888
12070635 5475
84597885 9124
388457573 9690
209390770 2254
301678396 1939
107711308 8920
61090219 9053
292527854 6530
406586966 5256
27122541 1960
343160646 1632
278471382 5945
42170264 8193
9755709 6263
60892666 1740
144074187 6139
302958482 9425
57981855 1315
379017583 3909
172151733 7589
121917952 1686
397804422 1629
71496989 694
86311254 51
331691413 5890
215557186 27
51867044 3347
188142987 1167
157894280 1899
190044689 4929
42608609 1368
190324152 3119
19546090 4184
142763836 8862
88940286 1141
213620812 2059
167051208 7629
115973037 7347
123260149 1679
51705272 8856
164075164 5444
35488482 7405
141084923 2434
88345915 9758
163843502 4559
105483774 2456
58690970 3888
94147272 6334
100574935 7495
196327946 3363
159317637 2247
21744992 5384
211714378 8687
689214125 47
120815297 6524
254716805 2698
641272552 2840
270772476 6325
168933142 3432
363023797 9555
543716458 4752
338694807 6031
570191552 1917
455283068 3102
433361765 4906
604676751 4604
556567427 8045
623519990 4190
530162158 4021
370637484 7718
137309903 7303
55792201 8286
113721037 1389
122220049 3060
42549119 5196
278084865 9785
31388269 1113
347736489 9349
599645520 9541
459179653 866
687792579 5009
180841763 4940
573022625 4004
519152855 7507
288435343 1646
107343413 1870
486604198 9716
404543959 724
429246405 4665
147426253 404
456034197 4266
106165280 2869
304403445 1124
282759174 270
217712818 9081
232201502 2717
236142120 170
441804358 8771
585875951 6555
641794150 4487
380068656 2072
407085291 15
262420298 3792
352858319 5564
213364866 9597
398648345 6814
20818441 2483
73933446 9363
311988473 6280
6345828 3321
101093018 7788
51284294 1723
167482812 5188
305931905 9995
192022942 8928
79537074 8339
295038857 5818
12030361 1
7292978 952
1000000000 100
999999931 70
999999984 17
999999912 89
999999925 76
999999992 9
999999903 98
999999966 35
999999985 16
999999995 6
999999954 47
999999908 93
999999997 4
999999902 99
999999982 19
999999956 45
999999962 39
999999975 26
999999958 43
999999916 85
999999980 21
999999941 60
999999905 96
999999932 69
999999923 78
999999920 81
999999918 83
999999913 88
999999907 94
999999939 62
999999938 63
999999976 25
999999940 61
999999987 14
999999917 84
999999919 82
999999968 33
999999921 80
999999978 23
999999935 66
999999981 20
999999957 44
999999964 37
999999986 15
999999994 7
999999937 64
999999900 101
999999983 18
999999946 55
999999967 34
999999952 49
999999930 71
999999993 8
999999970 31
999999945 56
999999926 75
999999928 73
999999934 67
999999996 5
999999961 40
999999991 10
999999948 53
999999953 48
999999959 42
999999942 59
999999904 97
999999951 50
999999972 29
999999977 24
999999915 86
999999988 13
999999947 54
999999914 87
999999933 68
999999906 95
999999973 28
999999989 12
999999971 30
999999924 77
999999960 41
999999927 74
999999974 27
999999929 72
999999936 65
999999922 79
999999944 57
999999911 90
999999965 36
999999969 32
999999990 11
999999950 51
999999955 46
999999998 3
999999999 2
999999979 22
999999909 92
999999949 52
999999963 38
999999901 100
999999910 91
999999943 58
1000000000 1
999999999 1
686314776 30
198514805 5147
255860116 698
675341253 3425
467971045 1180
667736643 9603
399087848 7245
531504736 4404
349719582 9827
167655881 6679
63817244 2391
523315825 1763
79246049 8068
248527615 5352
100069654 4825
410925086 987
383197228 6202
80160815 7188
481310524 3280
634905827 9455
474365835 6267
603249966 5750
63264200 7869
341169991 4232
204459408 3938
456871243 225
148830923 7643
482783285 901
529649608 8715
624907943 6439
69962449 7395
919046649 26
546953157 4095
859216430 4712
534927406 2481
520329028 6305
804950192 9177
126500328 1706
366773400 2645
56252237 2729
541504700 1666
614104860 8688
787965071 981
386656485 1895
708083334 9483
171796853 3910
428579069 6056
155025842 2805
352822190 5170
156673247 6568
606912936 9714
488619243 6163
442073378 129
496389379 5757
502223132 9990
506817713 7572
232521246 1284
690511707 2788
529313816 11
426001597 4635
311977708 5310
169080273 3910
242237217 6335
272622469 1591
351269351 2958
103123342 883
144268137 9879
204568548 5733
21507081 4246
523243683 1063
13676332 3
10231869 5546
7075012 1580
7332963 9011
584815738 4
166295680 1911
200374214 8556
251542549 333
213373788 3839
933195114 1
928149911 7217
381071533 57
27602570 7115
114442979 713
370610998 6488
92478660 1170
302237670 6053
239274430 5944
20251589 6410
213124727 7646
173015499 7636
107972239 8612
349953011 2884
114325549 6616
105887849 4947
204820743 7770
154291208 6628
305759848 4197
189696295 9310
365972545 4422
21232138 7317
198950793 2138
76006269 4602
151527429 4183
164657469 5103
262640486 9408
58171669 4864
266710666 4594
130677130 8511
32274601 6134
79683685 6684
64164998 2782
53566772 68
359274129 6819
170558084 6106
360404004 7986
146760890 9764
243715656 3140
210791574 2910
35485317 5872
373445730 236
185575997 3742
140574170 7103
280637496 4537
125293936 8399
239209508 6408
282821051 9134
108059311 2701
355779405 8104
121521387 8684
249556806 8618
201486081 1688
156363222 4485
288334448 9514
120264329 2290
161352983 2451
283807156 3221
151158596 6256
212970028 4289
166384468 100
41204028 5735
68797532 669
100363769 4101
73609775 4335
49420354 9910
113278778 7691
34524966 1203
43669228 384
151048175 9875
3271648 1682
18345379 4380
31826930 3026
142005605 8274
12366982 8524
76293922 1763
128193436 5440
21252155 342
160371083 2777
68249972 3692
83800671 4060
61427597 4107
158774601 5741
83046580 4792
117881867 3172
101005435 7822
81379533 9314
104285641 7524
47534594 9935
44227584 8707
120170726 742
118114655 2592
37950832 268
160547293 1301
111959861 5272
131031659 8699
31717594 3843
134898741 6093
140483563 1175
36166998 381
56653327 4839
127904598 6119
159093517 4943
33870561 47
109450775 7009
7531794 3980
156066341 4987
43752900 3046
48078570 6384
159315940 6450
141790930 4023
120945573 4313
145136618 8776
69940031 793
164537481 8774
54991656 564
122207256 1580
71740449 1461
79043876 8890
85086895 5074
13986124 6498
162770140 9408
139023368 3589
124206534 6918
161296193 2493
94850241 6056
136675189 9405
163827738 5536
40051041 9213
82076828 8378
74890439 7955
9991900 6112
48791330 2392
165264130 3029
58182284 6554
88039476 533
160483895 5174
46513501 3527
112762525 4418
22083801 1274
27866461 9466
148500408 7856
58767512 1615
145086186 2307
36423036 2905
70208973 2216
70123609 1290
127922418 37
95211205 3875
3283093 6590
72985883 7856
13592980 2416
69675153 5985
127529064 4058
126277312 2527
138601027 2530
146570671 2097
47839515 6737
162456475 3049
133076196 7562
126462192 9572
934962200 55
438334071 5634
869010130 6946
340085228 4837
315276870 2082
466246255 3747
442758702 6504
546723218 131
804362427 8997
595343347 5616
277463097 155
228945894 3926
306109397 5470
259227380 8884
55936796 3373
155268114 3543
143836561 2447
770795743 5752
257344283 3179
23423838 9290
495750489 203
173091369 743
812982507 5133
747386576 5867
189003695 967
84357121 1506
139998790 9727
869168310 1944
344091738 2317
706778805 9716
768335700 227
161875534 7989
140390458 2227
579936846 3792
44749078 7195
565040836 8933
262882372 645
755101090 4911
909597527 3455
469882230 860
332903126 414
765082612 9669
171650650 7774
902611879 5843
162876596 1707
398928549 551
241480700 3165
631973024 5749
372088312 2226
307468291 3882
696606682 3273
887956857 8637
728083484 4691
143168966 714
700406384 4791
222379231 1914
546637070 17
120826858 5830
218878069 815
56129276 1526
147332924 724
202760994 7992
526774758 6511
421646471 8170
393036792 7322
364545462 2306
47053343 1868
100374877 762
55345707 7519
275133636 2711
409880956 7785
490526688 8858
72895840 8860
523588576 3633
1000000000 1
1 10000
1000000000 1
1 1
778452997 15
551041393 5113
16949573 485
481830584 2792
528717980 5688
119185851 9073
483506156 2884
114550273 8223
278100606 6094
203827713 2379
34469014 8660
705955512 876
331341005 8568
535807130 6566
278843217 1783
712313116 7772
294054651 29
235091861 6583
83785830 3423
261645255 4519
91970312 8316
219977906 4296
164509250 8197
131667968 1738
217274433 2793
44774268 4572
47556505 4549
135595245 2307
258081712 6153
108344299 1323
150699881 1690
287544427 2124
84725892 5698
7731859 8358
281885237 3596
201007648 435
280047916 6165
291352996 104
224471867 7352
173508687 4321
230960691 4037
101658600 8332
207398317 658
206687280 6552
254403226 8340
240427035 2556
286298258 26
251763555 4766
81611038 1314
217355095 6227
28245244 9787
125656195 2095
230986375 8252
110888632 2534
34314390 2803
43409419 5060
64017688 3315
131471323 9513
166208651 2449
22233710 8091
176234085 7330
119926954 9759
229379069 6085
3871558 6152
185374873 8636
217651203 8756
259665018 3180
105521324 5845
5779256 9646
29237326 3053
111582403 3560
73734167 333
62205831 1921
163619944 18
43196408 8225
158274914 6544
88396482 9656
68290160 6412
97734258 6269
138836971 3967
89897307 9227
14256627 4342
66117058 4342
67289326 8513
95430569 4059
62153498 7742
125515332 7671
66195176 874
68692988 7158
141526285 2410
48494073 8966
432557 8996
362982917 100
58268028 4980
322507881 4364
326545096 1012
284148753 8591
203105616 6879
291740662 3719
137029465 5276
89196047 7993
275214554 2204
153525380 129
335920941 4110
16044744 4933
295813419 3470
31339161 9721
221087916 3079
40825168 3698
296930373 1570
137112577 8708
276850281 9177
178167159 2652
176260196 7903
172571698 6525
239110887 562
118810520 5759
239233492 4551
206035958 7332
341862415 7866
160037253 8219
343144698 4339
359520789 6866
245898894 1822
355366237 4128
96803100 1877
193435047 599
26282232 6833
215224337 4820
106415791 9381
85420418 5213
46364114 8344
97852793 8967
283695607 7481
43551584 6928
83867262 8306
145932577 7815
357356844 8098
300532352 9492
238248163 678
224966432 1256
113268590 3106
245309627 1944
209942106 9313
119107545 9251
55099273 847
182921841 820
312389323 3121
254636579 5397
189316445 2009
310148180 7248
139999767 3914
333424286 4534
240721979 1864
292946711 7109
177954952 5202
356373911 6635
317307266 3203
4305941 6910
326812960 4381
194675512 8965
285299064 7594
75071523 2569
24583138 8310
320865584 7158
328471315 5090
178574992 4283
128588384 8204
4186033 4690
277658958 6574
252457631 3377
106148924 9510
193125199 959
353020451 6379
123126294 180
34830725 8880
265982616 2879
27676406 5936
44794660 5055
265796539 2136
199416352 477
228002465 7933
356060064 9775
41248277 6245
57651916 9624
25778056 8371
68402241 1171
111818764 1472
123747206 480
320360251 7530
187421722 2995
15122628 4454
184607672 1129
191089185 100
162595104 9392
129851093 324
46302073 6263
75925252 2749
116675476 1659
57779740 5409
25622149 2513
99309686 5449
149713741 4862
149066439 3925
135435053 5652
17800793 5024
59044758 943
133626178 7253
189262426 3908
103929780 2736
97126389 8787
70348379 4943
46395127 9754
79250167 5306
113824839 4404
153484241 9103
54993189 1552
125670738 8532
23359206 6604
140435269 3598
30513936 79
84878601 8351
190080830 7590
100333472 1941
143880738 5111
83730180 3271
180852841 66
76853249 6478
3980885 5454
188980095 3471
155764093 6852
155426924 8519
90308680 1286
180687997 8078
120779322 4172
178772416 2849
109974103 8377
167696319 9098
57332036 8559
20543033 2287
81765452 4524
126892251 1661
155945184 3162
35198370 4466
125414921 9232
131329132 903
46365432 106
34928946 5959
171955008 9452
35747128 3014
82835196 5179
1139362 5161
29533872 8740
179646111 6002
96207539 6794
154860937 8565
60817648 6256
152557463 5323
16551385 2990
97622609 6678
74062047 1222
2074015 6244
52392759 8577
188267612 9764
67377143 703
102502857 5175
156252201 6077
12995136 7159
24239758 8788
5176284 3987
73822657 3985
143846617 6546
26924516 1623
179939587 2958
107109876 8912
178782854 2425
59772846 9581
5507642 3202
62901202 9565
23982498 7894
33840644 9691
127925506 8318
175773426 6013
131132926 6428
171273322 9818
13783485 6878
170259147 3688
178435544 1640
105369041 340
170997882 6749
108173677 2581
182193742 1849
62871019 9217
87430028 9978
664440886 58
201490757 893
58345676 174
37536472 2968
482754354 7678
27287979 4945
421186305 7641
653303031 6796
538503312 3267
26602549 8804
442601604 8128
614536379 7702
90650117 1599
423631431 736
593450418 9708
153759358 9482
661087187 9489
325893860 8723
387111510 9283
562080813 252
87644874 7099
22806424 190
600158647 1278
223125826 8316
127262200 8272
482479321 4675
427093377 7195
83315783 452
137445100 2576
18607293 8427
181573786 6509
404168177 935
87147526 3763
220592294 6060
79377194 6908
361268944 5696
530561215 3830
382021516 4261
358507170 4581
172487954 868
497726225 1972
78619157 7730
285460429 963
602907971 7441
361088551 3804
523139128 6126
278897721 5896
352085780 6551
307133635 884
52640748 1118
584295340 3542
306349938 5335
428988958 9205
156961048 9653
596280255 1299
10173690 4725
364809042 1074
340017182 474
357108628 4569
375304464 100
288053925 7816
87116544 8733
109437266 8146
2199782 9981
124526453 3321
211006059 3574
360029142 8490
123205949 4707
162843520 7502
224302269 6453
97778999 4884
182963344 1571
68394883 5779
338988718 662
276299866 1940
201307138 8463
309127093 3450
270760261 2713
103873923 2454
297845799 1644
100069003 2258
232323613 8525
225378676 5196
151429368 4332
199954642 5865
203400208 6881
93016160 1554
206883055 3412
196308503 1225
322168514 9841
29114599 3015
223758115 8616
147149901 9937
213841719 3711
358987152 8695
266829502 4956
27910264 3804
39650654 5435
263232323 8673
362549043 1838
232046093 7314
323391364 4109
97151325 3457
229615708 2777
163385845 3564
127219199 1075
163098639 6602
261138646 8379
248092458 3219
180777446 9224
365996504 3347
114599695 6236
80379954 172
30856807 7947
34212723 4092
134708755 5837
222597508 3673
261751826 9281
374214986 9956
282835167 8354
15147661 45
281513951 2189
184714106 5470
218410783 2135
40542032 1358
60265499 5069
240959644 3297
116690230 3141
281030553 1194
181068297 775
90960370 1162
289894305 5912
97829994 3681
304095999 9570
336230599 352
215407635 2363
49969967 918
299334788 3985
205038186 887
319003736 5382
67050796 2364
268048408 9765
153482131 1042
240295935 1633
78645251 9216
246380210 5035
12021923 6034
98178299 6100
100029815 4834
274454389 106
160913580 4964
245982797 5731
320211940 2681
143027185 6072
78853440 3488
93003249 3788
79321071 2546
309427888 9401
265449934 2304
58516254 7584
419929583 25
157224544 9690
78742401 6721
386967560 2036
180314130 8021
177147633 5922
220164412 7854
315319266 3030
120240178 3030
419088057 2079
311881651 3563
354672851 5367
190342349 337
392083325 8245
208347074 6033
59189567 4444
174737053 7393
361828649 1535
171878531 8522
106606761 3240
206154144 4148
22607751 2423
261023903 8281
7645284 8478
283452642 971
253276904 2800
614249522 2
441649989 2129
239195077 2634
160555673 14
68631827 8501
113854342 3677
149279022 107
26575269 9730
155694412 7402
17515387 6409
132420386 9384
38119514 8839
81915306 8560
84779087 4892
45083865 9769
127938405 2162
9865046 7376
8737216 2269
652726103 48
512354652 2053
322986287 3117
317132281 3738
383378303 8606
431397254 2180
566666955 3179
507486635 7986
275272994 3658
67128539 9619
361099372 6533
465156097 8195
203373405 42
580655042 1329
630004792 9707
506173089 3493
599836310 6156
34179192 4431
179955088 9267
601216100 7304
379644346 5255
410394223 8930
425771226 6080
77396717 37
415397726 8886
593330413 3666
424183776 4277
396032766 7197
245205403 2614
489023316 6261
634276678 4000
96456097 1577
168723076 7195
135655302 572
541720689 1078
352359987 6548
357018296 2434
608783760 2537
102545448 1136
230730966 8913
126934277 2431
294140953 8533
112843810 1193
503095278 5136
282258120 2527
155419367 9406
570558959 8894
36128734 9734
341905350 8404
200000 100
6058 6
9993 6
8552 8
9594 9
5907 2
7660 9
1555 4
3285 10
488 6
7796 9
7566 7
3928 3
3222 4
3292 3
1706 5
7862 5
646 10
4319 10
4230 7
6937 9
7981 9
9800 9
3221 9
2206 6
108 3
1300 8
9668 7
872 9
7788 9
3050 8
67 9
7443 8
581 7
441 5
2533 3
5407 7
2014 6
5516 2
773 2
6241 10
5561 5
5553 7
295 2
97 4
1080 7
608 6
5490 6
1283 10
8057 9
1595 9
937 4
6814 4
7310 3
9817 7
4633 9
2150 5
2597 7
5541 6
6542 4
1997 4
4244 9
7215 8
9684 6
6715 5
6838 8
1588 9
8932 9
7731 5
9994 1
1827 2
4064 10
1262 9
7194 4
3024 10
6345 6
2025 4
4928 5
4726 5
353 9
6857 9
4895 10
8182 6
2730 9
8191 9
2166 10
2323 9
310 10
8795 7
4502 9
5958 7
2342 9
8884 7
7404 7
9940 5
4902 3
5000 3
1717 6
179 3
3122 7
2742 3
2 1
1 1
200000 100
8212 2
2442 5
8913 7
8053 9
7787 3
3890 2
1561 9
9189 7
2233 5
9783 2
7820 4
887 9
106 8
1444 2
9624 9
7608 5
152 9
8987 10
2924 3
2423 2
9960 1
270 6
1035 4
7361 3
3633 3
8900 8
7321 8
8522 8
2949 8
650 5
2519 9
4841 5
7702 6
6804 9
3462 9
3107 7
4109 8
2259 9
5482 5
6378 4
4569 7
8063 5
8015 5
4503 4
9959 9
8595 8
9394 10
6863 3
3015 4
8628 4
229 3
3971 9
3559 7
4192 9
7199 8
4914 2
8048 8
5843 7
4856 2
2151 5
8539 5
3919 9
5872 2
991 6
1620 2
3670 5
3938 4
9233 8
35 10
7060 6
1799 6
186 5
9551 2
1095 7
4122 3
6476 3
3305 10
5456 6
5984 4
5575 9
5150 2
9816 8
8716 5
3366 2
3483 4
2311 9
8408 2
5000 9
6130 10
3967 10
9776 2
1929 10
9707 4
9383 2
1537 7
8617 2
5283 3
4229 6
8738 10
5056 8
162406173 100
97647125 4393
90113832 8581
104341304 3709
105481302 4087
83052749 9890
137785306 1529
43808300 732
42552127 4165
128504345 1064
159756650 4259
118056701 5958
129400545 8165
37943665 109
72059213 6240
10651171 9719
136933893 3420
145750002 3830
140646045 7850
158606031 128
59758433 2851
30477459 152
38476344 9090
159443672 6442
47692392 3525
139668592 6163
17672477 4639
4489894 3858
131183306 3685
136777861 3685
10146508 8874
136002026 6233
107836693 4539
25868086 1400
36702260 5157
14997677 6601
161597350 1341
133775951 51
86597889 3192
417754 1637
46764339 410
143042475 7445
161324090 8286
102948191 5139
104842190 3880
90591532 105
112005027 3189
56911175 2543
45242367 7147
144630268 2395
44438493 1686
108723113 3482
53867802 2706
86120769 597
143816650 8339
93087401 8786
38406809 8125
6054923 4231
57653854 7039
85090483 3187
48648232 3626
101962927 7986
132655729 6923
104012110 692
58187252 3949
82062402 8688
27905204 274
70808791 3547
79420819 4615
157232764 5491
121155800 4229
27681876 3935
34820078 9653
79952986 58
125284897 4496
69771092 8845
62750736 1261
10368483 6536
35369391 1768
66141924 1885
20844892 8160
49439253 3986
14605658 201
122305147 4689
128388129 4316
113669859 1025
22412060 6098
136087328 3722
3283161 6227
152451113 2533
30209878 1550
74837287 6231
72139451 6593
131609015 1182
82280152 7209
80570810 6045
104150061 2939
58236046 7110
133263705 3365
52188221 2175
2514760 3942
976979527 53
679558233 1974
655676075 1821
754385750 3733
647899835 5285
680788951 3277
174081947 8582
59994705 5735
241962977 3414
942105288 9477
974321068 3067
767417685 6565
89260233 8152
790856808 7160
560048888 1862
119121687 4267
908973074 9519
112308605 7237
23667847 1072
679937973 4783
472043905 7804
489834282 4736
659462284 8930
214792470 9184
363420173 8038
376823285 8913
502440352 4299
803608784 3378
395780560 7088
787421027 5519
448327370 1257
25163817 1548
232879050 7681
499860039 3097
764350792 9619
652780984 903
480106046 3433
798032689 2743
251362683 2215
68880334 2197
358976126 6872
36957724 5588
805880531 4556
316416136 4299
325907107 8207
101145591 8410
4195076 2210
79399643 6115
840547934 8329
422024286 7859
745934710 496
517843680 5585
342709795 276
269173210 6936
200000 100
8288 10
6722 2
6433 8
4949 2
3810 4
187 9
4603 8
6738 8
445 9
7977 8
5369 6
1551 10
5000 4
7081 3
159 7
3211 7
4935 5
8829 3
1959 4
4252 7
1468 2
6484 4
5434 7
866 10
6643 2
8845 7
9799 4
28 8
7191 4
7490 10
1255 3
576 7
9384 9
4176 8
2657 4
8752 5
781 2
1647 4
9748 10
6678 2
1924 5
7024 4
1731 7
421 3
5742 5
6277 9
774 2
1088 9
3241 4
7962 10
8057 2
38 3
3037 10
719 7
189 3
5794 4
3670 3
3119 2
7678 9
8389 6
6045 8
7166 9
4534 7
5486 8
3745 8
5585 4
5719 2
3831 2
7618 3
2444 4
2231 10
1754 3
5828 2
8440 8
7767 7
4096 6
434 9
6864 8
8671 6
8933 5
6051 8
6117 9
8280 2
4061 2
9670 5
5293 7
6950 5
8854 10
6319 5
9279 8
9050 9
2213 7
7154 4
6106 5
4313 3
9069 10
7086 3
3087 8
9098 7
9800 1
379245655 100
193543512 7661
248109412 875
246667139 3016
254338197 8345
308404342 6279
118797919 1961
104888809 3264
252701238 8481
262622611 7935
312887655 2692
138203400 92
10413353 7506
338795467 2323
128599524 3182
80032268 4380
99586997 8872
55002985 645
140334330 9236
225518554 250
158296161 1306
227434287 7906
312785806 5353
61977026 4235
358613313 3902
80682247 2132
199585574 3917
86216929 6005
70056970 676
371403324 1552
257302548 1820
174135603 834
148881650 4849
335572343 9662
85515116 7696
326680185 6575
85536208 8649
52901573 7462
318474794 5900
124036208 1455
243966541 2972
180719419 1693
42326256 6543
138781124 1466
276253097 6583
116336611 6477
182103299 9076
33748548 7372
260253973 985
64799531 1643
160667225 5881
234710637 4202
352599567 6193
202098368 7051
84719225 2349
256374504 1807
43825581 7514
327384785 1223
201475765 1310
307343389 8746
195836235 2674
1385725 3724
308325950 8495
245152147 8240
342935051 8578
275075459 9928
155888542 5868
8849518 5033
261701908 5600
106906372 87
152159877 8525
139262009 6199
183657515 7351
250124608 5951
295257666 3747
257815666 1969
331684236 1159
67324358 2526
137888940 6246
86632233 2966
122747514 5331
102085088 2370
216644151 6490
272605382 5877
193860369 6173
102860417 1285
242154562 6608
325480159 921
242583627 4457
77400188 1225
156497981 3452
224785097 2042
77274757 8062
38068398 3062
341374849 52
201063965 3327
374173200 8914
259502071 9783
159154256 5562
51991843 37
57781529 9048
1000000000 100
9000 222
4500 10000
2300 10000
3600 555
3200 625
5000 400
3500 10000
8600 232
6500 10000
7600 263
5600 357
7100 10000
2100 10000
500 10000
4300 10000
3900 10000
800 2500
5700 10000
400 5000
6000 333
10000 200
5300 10000
7000 285
9200 217
6900 10000
4900 10000
9800 204
6400 312
8100 10000
3100 10000
8700 10000
3800 526
1700 10000
7200 277
8500 10000
6600 303
9300 10000
1300 10000
7900 10000
8200 243
9400 212
5900 10000
4400 454
6100 10000
5400 370
600 3333
9100 10000
7500 10000
2400 833
3400 588
900 10000
2500 10000
1400 1428
1900 10000
5800 344
1500 10000
3700 10000
8300 10000
4200 476
2800 714
100 10000
7400 270
1100 10000
5500 10000
6300 10000
9900 10000
1600 1250
4100 10000
1200 1666
8900 10000
4800 416
8800 227
7700 10000
9600 208
8400 238
8000 250
1800 1111
3300 10000
2600 769
2700 10000
1000 2000
7800 256
3000 666
4700 10000
4000 500
2000 1000
2900 10000
2200 909
6800 294
9500 10000
700 10000
6200 322
300 10000
200 10000
4600 434
5100 10000
6700 10000
9700 10000
7300 10000
5200 384
747796165 7
464765404 7767
605281362 669
694877352 538
468910988 8018
506521650 7021
201267497 511
157087527 9827
622204314 100
464388496 9004
203881940 6311
467177711 1520
534392612 2631
454943294 8398
91833671 7829
509531951 4659
105414962 4428
89602727 6579
558629179 1466
313111096 6514
58538725 8766
36039178 4084
412761323 4632
13393944 3256
610977147 1748
45217717 4195
400282407 8202
286636322 5329
171664116 6089
190577322 9754
379836907 1558
55873536 7121
53973504 5055
425198815 8005
348816134 2855
289786669 2097
97684423 7379
5102719 7287
198517901 2677
160896026 8949
498828318 6149
39395877 2831
189846414 5647
236443917 9392
108433112 5674
478630639 6876
222098528 8517
268446757 9726
444174652 9535
5848979 9611
477404651 1127
523719658 9233
85249734 7300
153493807 5793
149261115 2631
98665995 9049
13535200 8035
277001879 5253
617317634 8700
280255657 7223
79174087 3067
550507804 7811
34912372 4389
432090158 4173
249695818 7173
375595486 2984
257764311 5415
322804717 512
342454896 7576
510569022 2795
450837350 8322
111290183 7720
141891905 1182
34987251 198
70453707 6885
517535710 820
3392290 9674
337113306 9119
271890230 343
70279141 6839
47909694 4212
10889379 398
422848816 8603
21996487 7106
556850110 2651
588653771 3448
422665382 9263
431947909 450
197012723 962
21214125 165
152383342 5700
159203670 9118
463492678 1364
337384533 3289
472590492 3090
281771357 9098
206093168 7493
31624121 7518
187809648 9582
256505051 9551
580154026 1941
38695272 4211
391528160 153
488286122 6862
139487325 7734
494909494 476
498017374 4456
514746949 7837
298201573 5808
893304097 73
39175324 7747
736399384 1015
110416903 5850
479948878 1828
478795592 5011
837951203 1278
744079335 7027
106039071 5029
540314453 3143
107228152 2560
734232541 5715
529676916 590
180418007 9728
49955836 6348
149612463 9712
263094469 2880
746323222 8462
579051482 7003
654761172 7482
656865859 5238
835614221 8926
70456882 9043
744265432 8308
893067213 7323
772996413 2724
113894336 4799
486251336 3679
364866816 8809
695401920 5718
862045286 4109
401115732 9139
783397786 1694
139656316 8618
718277764 2920
356702234 2096
487999033 5722
497246095 9603
466224442 3395
216745555 8518
64625827 2210
124537508 4601
861978697 6405
416523519 7402
13312943 4099
352704658 6159
638363758 2357
482579630 8618
525172528 6338
877042262 7728
396654138 268
47886863 9850
500140760 2390
648926093 197
275692482 6345
865351180 1886
644537204 4630
305434882 7213
394030722 1872
879145991 436
142884650 3727
403560347 1503
356112796 9607
694756332 4647
573762566 2769
622260227 1680
770343101 5652
508775307 7782
319799708 7460
851083282 7207
219398404 2818
707082981 8229
429132915 9350
439727577 2765
424093186 26
208492886 1223
47211931 3500
304639900 2061
149452656 5486
122168694 3457
379406910 6843
378490568 6302
349476373 7227
190207468 6923
219753386 816
149740840 4448
380260734 88
23102037 2404
147451807 5537
371573421 2050
211354678 7395
354786846 3408
363241321 8689
13541471 9139
301520058 4931
26267784 6858
79125555 9265
177176820 1651
399946236 3146
307775866 3823
96972844 8193
1000000000 100
962000000 1
974000000 1
914000000 1
961000000 1
984000000 1
971000000 1
955000000 1
949000000 1
947000000 1
987000000 1
990000000 1
927000000 1
904000000 1
921000000 1
970000000 1
918000000 1
983000000 1
931000000 1
920000000 1
938000000 1
977000000 1
903000000 1
941000000 1
917000000 1
979000000 1
965000000 1
911000000 1
953000000 1
919000000 1
946000000 1
957000000 1
982000000 1
988000000 1
986000000 1
937000000 1
968000000 1
978000000 1
981000000 1
926000000 1
923000000 1
915000000 1
902000000 1
956000000 1
936000000 1
930000000 1
969000000 1
989000000 1
939000000 1
913000000 1
985000000 1
973000000 1
922000000 1
909000000 1
912000000 1
951000000 1
993000000 1
992000000 1
929000000 1
901000000 1
967000000 1
932000000 1
910000000 1
991000000 1
963000000 1
907000000 1
942000000 1
996000000 1
997000000 1
998000000 1
999000000 1
905000000 1
906000000 1
972000000 1
934000000 1
959000000 1
925000000 1
940000000 1
958000000 1
976000000 1
980000000 1
948000000 1
924000000 1
945000000 1
935000000 1
908000000 1
916000000 1
966000000 1
950000000 1
964000000 1
994000000 1
928000000 1
995000000 1
960000000 1
954000000 1
952000000 1
943000000 1
944000000 1
975000000 1
900000000 1
933000000 1
921422960 6
671188422 5444
349636031 913
631503627 2399
863638464 4694
261303891 8784
700563013 1902
133419330 17
28645474 887
4271704 4245
95809372 664
92949891 9087
27476838 6682
4746342 8203
66488964 723
46740691 878
17482604 3173
67413658 2555
22861348 9805
41205015 6996
36575773 9981
56143481 1323
80152633 1218
112706394 125
71732488 2778
388560301 3
242481780 305
52792973 7648
293677394 325
496887744 3
406906412 4703
105710973 3887
115546010 3776
547019300 13
468069287 3963
138934043 5111
541734330 5786
284419149 4658
152763841 1788
38901627 7602
523198629 2536
436066286 1717
360699451 830
387591902 5400
108996335 6669
49385206 5493
435688788 5147
542701638 6
172695565 6189
539291598 8561
496102842 7754
318631254 7723
281100143 7861
99784929 6582
735566109 25
398028483 1909
572708080 3848
547825411 4556
84197567 9613
728349602 7493
302061000 4650
483146383 4084
648683543 5719
346161608 9738
33187774 8161
345667849 6626
154911006 2927
497999648 3351
530816566 3
207437780 4592
573632406 9043
673575424 3712
577452412 6752
184756893 7180
35971730 1710
83564770 2447
397018444 5624
29945289 4108
425104338 6297
682755790 6281
1000000000 100
977000000 10000
915000000 10000
996000000 10000
934000000 10000
962000000 10000
951000000 10000
981000000 10000
923000000 10000
985000000 10000
933000000 10000
987000000 10000
944000000 10000
926000000 10000
910000000 10000
920000000 10000
914000000 10000
989000000 10000
995000000 10000
965000000 10000
974000000 10000
950000000 10000
901000000 10000
971000000 10000
986000000 10000
998000000 10000
938000000 10000
956000000 10000
963000000 10000
909000000 10000
968000000 10000
959000000 10000
960000000 10000
978000000 10000
919000000 10000
905000000 10000
907000000 10000
943000000 10000
941000000 10000
916000000 10000
993000000 10000
976000000 10000
900000000 10000
991000000 10000
918000000 10000
975000000 10000
980000000 10000
906000000 10000
979000000 10000
928000000 10000
949000000 10000
924000000 10000
931000000 10000
942000000 10000
930000000 10000
961000000 10000
992000000 10000
911000000 10000
957000000 10000
929000000 10000
939000000 10000
967000000 10000
945000000 10000
903000000 10000
954000000 10000
966000000 10000
908000000 10000
936000000 10000
988000000 10000
953000000 10000
994000000 10000
972000000 10000
921000000 10000
997000000 10000
940000000 10000
948000000 10000
902000000 10000
982000000 10000
925000000 10000
983000000 10000
958000000 10000
964000000 10000
970000000 10000
984000000 10000
932000000 10000
912000000 10000
927000000 10000
904000000 10000
917000000 10000
969000000 10000
946000000 10000
947000000 10000
990000000 10000
935000000 10000
955000000 10000
937000000 10000
973000000 10000
952000000 10000
922000000 10000
999000000 10000
913000000 10000
793699974 13
410522664 8031
612837526 6908
469420480 3880
621378896 1998
162104768 9588
203522014 992
562294914 9411
252079693 3278
82470552 6916
637769901 1680
525011545 5414
196452655 8081
787240265 8692
400614282 100
147019337 2013
28935298 2078
187495 2449
377684171 6652
201550850 8106
350948597 6039
45259103 2213
153005494 6380
37116915 4369
69257260 1669
234742199 9489
306504362 6788
157254168 1003
57400976 7422
199816154 8850
311449846 1811
366363038 1055
124695639 3128
24683288 3272
73221325 4531
347730562 38
161156176 9413
368603979 1321
270987442 7705
144989658 3950
130350627 4943
222288439 9421
303313046 876
386113762 81
76178835 1381
378788394 7801
154921889 3081
334161637 9934
29807724 1043
191241149 7927
145312732 5755
94058163 8925
284868068 5209
164520246 8546
168059095 8116
103785429 3529
69133158 1822
376205918 8517
140629343 9518
56553105 2282
98357606 9426
223878078 4714
118582915 219
389834499 2066
211753649 7645
98193713 3035
353334889 4491
113788126 4815
127466906 2792
316550109 1214
174408694 5549
68898224 5303
28422073 6121
165736561 6128
172313713 83
315512513 509
71839636 8139
326819213 1101
176349253 3800
167144562 5851
260786261 8502
387586843 2389
385755532 4149
214499327 7693
191692325 7893
257841585 591
191637849 3879
233554610 4610
372156709 7455
323481814 7582
104504418 6090
60289078 5637
172602915 9951
153502377 4025
258590326 9568
157349477 7519
339016574 2171
355541858 240
380670109 6581
77994214 5426
131195905 7157
218695742 2438
363781709 4254
216629205 2074
145488053 4509
190965457 6112
47079180 4261
69658608 6349
275264844 2159
240666371 732
3198871 1083
118989825 6447
354269971 253
13150092 3050
124270654 724
923426674 45
922793873 2234
818604051 9701
371778496 3451
214608568 3390
465954493 9744
246679108 2197
389587899 2271
566312211 3821
56325509 7514
774697920 553
685082484 23
461103564 4022
695289087 338
494290453 1329
909262884 942
594862579 680
770626667 4666
57062776 9742
826455783 9815
622821406 4507
772059930 466
52219399 4606
61358403 8193
580580216 9443
77063947 8053
846889608 6521
116745885 515
97398224 9009
124992406 3726
307310947 5662
284752656 3765
22228356 3826
93235840 5229
722731296 2339
723559439 5503
601763013 6195
228301394 7799
57826984 2752
609740011 4784
5200322 9255
579673784 1364
859855839 9579
690695445 4174
706863928 1719
639874820 303
802839563 100
395370376 270
799676156 7373
719847891 5929
795068429 7218
752143652 7357
78283814 7661
518305674 4943
470606291 6081
274134712 5226
242213317 7657
423232704 1400
448815695 6862
477202947 8372
268764602 7540
675242733 3092
579347049 9527
537200032 5919
301365448 3597
121077554 275
109213503 4373
756672012 6535
144680796 8707
368202135 2681
153782492 9870
120827549 585
492350290 8216
284782170 8156
707003955 1273
486112684 8288
704664638 2211
456278194 3888
174248657 4961
48275855 4452
591920802 8455
225248261 2738
536270844 8319
364892920 6689
87073579 5979
668389184 3143
181421583 3457
624137107 6667
507345240 8792
663321052 92
132778540 2112
160587258 539
205333587 5491
245747316 6586
305132599 4028
198625566 2012
583131758 520
120839216 5424
362881544 3296
226790712 567
172819923 1524
553317992 4911
225094826 8056
221168040 9167
205448858 7706
28627063 1899
592601989 8326
690614608 1623
542178601 9983
304405911 4211
12898616 2772
83721800 7132
137147998 7804
758908205 9181
603582565 7361
800675413 5077
298693057 4215
219395589 845
358335247 2810
202521297 7275
119986294 737
292504023 947
567613238 3851
610884991 9774
352911917 3496
468598415 7941
5681768 9950
652083832 8312
577575503 1811
383407444 1699
758590747 57
469432203 9843
253257686 6635
496929818 8821
276813042 4515
606788327 6661
193381420 4694
79133641 6082
429499836 8984
715704489 9445
675522205 6919
304539058 6661
421466934 8730
771491267 7718
83839786 6796
230349677 5683
328591134 9213
648681273 2
580581406 6278
550436836 2
200000 100
2678 8
3232 9
5459 8
9087 4
3819 8
7068 3
4321 9
8443 2
3046 2
6608 3
5555 7
6946 8
3624 5
8546 10
1422 10
7745 2
2206 8
8291 4
157 9
7086 9
4115 4
4024 6
3877 6
272 7
1448 3
6931 3
3436 9
9912 1
3336 2
161 9
9784 4
4976 7
4888 9
9251 5
7505 9
8539 4
9697 5
8820 6
1454 4
2857 7
6990 5
4365 6
612 4
5000 3
8821 7
6773 5
9339 4
5647 10
2531 6
3508 9
1191 5
175 10
9911 6
7323 8
8571 8
6005 7
1772 6
2545 5
2414 6
2449 10
140 8
1720 4
4589 5
6753 6
9140 10
2872 5
9679 8
8667 7
7006 3
8683 3
3321 6
3099 7
7719 7
8410 4
4870 5
2939 6
2372 10
5695 4
7297 9
4062 8
7064 6
411 3
7576 9
5694 5
8286 8
3770 5
2155 9
2805 2
6293 6
2853 7
1957 3
1349 2
913 9
2841 10
6373 7
8479 4
7612 7
2587 2
1942 4
9669 3
878573363 1
795213285 2466
198227866 47
47755157 315
11471462 7732
165184447 173
49558886 50
159244057 5541
143140436 1961
112060468 7940
76173089 9660
42459491 8303
195904627 5172
44460731 1531
9463110 7091
31673390 62
124376438 7056
5989766 5419
73045267 5275
39971400 3763
16718876 7225
123722216 5119
87674891 4093
23505299 7201
150323805 3753
113007038 6651
36231000 9674
141487764 2585
128235657 286
96885764 3458
9796776 9916
58841361 5939
156350182 4093
7341753 190
25332076 7500
2947576 5131
141328278 3416
125209948 2215
5515689 6285
12242460 3327
90781670 7908
139866953 5688
75499694 9620
15596964 318
39774116 6663
93473576 4539
77175300 6007
63624270 3686
6067122 2330
126467078 2770
261988018 38
200355246 2999
113452519 5827
182532687 946
84335958 8710
110141864 9725
158875188 9387
152159611 3405
162721728 3452
114139959 1353
231003381 5138
100117358 5844
172517748 2756
50228606 7910
48631424 6114
169935691 7577
206048737 9807
78235655 457
79531333 2677
18552245 6035
108388260 586
135162526 3793
40682628 8329
225583574 57
3582344 6084
43431286 8789
23287286 9371
120028651 1694
29738184 9400
158484922 5113
165134560 9130
120289140 7377
35708587 4896
102342460 2130
200633705 3212
219463843 9867
30673682 1588
10778383 3293
138589930 3518
825179379 6
628855472 9558
46641909 5604
577088441 58
304617803 3698
678086930 5352
717016918 3186
888075915 52
354039659 17
622295174 6550
588534544 2168
860102000 2222
173383710 3188
613184894 4175
510567867 1091
437023751 9193
137540032 8451
41373944 7969
866776045 8830
751267963 3169
158007646 9625
742154498 9353
239723214 3804
270538346 7302
240732669 9704
523097245 9127
148974881 1865
252552667 9556
775359995 378
281463844 2440
863215598 3567
218373381 3010
113484008 1237
374551292 3049
329432404 1374
8014022 6992
16483974 3963
851314943 4293
749183253 1855
617608405 1462
174633109 2772
233637723 3625
114205117 4305
177288536 4190
122853319 5796
482250268 7162
457342020 6305
326143906 1341
332505014 6137
378879226 7047
405673362 800
822024296 497
875964867 9847
708611690 7674
871462523 441
363290515 6904
342696919 5876
328806770 6444
317501725 9664
1964571 1117
665387857 5
248762511 7284
55393790 3119
273099728 5871
354448391 6197
127873936 317
2 1
1 10000
93269664 55
46114525 6600
26350932 2307
25572970 4430
24451200 9688
53247376 1188
10748934 9681
53838424 8424
82936573 8490
43485732 4240
47358665 3645
5201411 8241
35889817 1887
20722721 1773
69258059 7488
13468004 5540
24973256 5623
928975 3695
91191348 4643
51851951 1575
47990721 7024
17944980 1384
57124313 6141
43053264 5683
17973439 9678
20848660 5445
6881809 2824
20424873 44
82855852 3494
51593854 7341
40472479 9394
76766270 3384
42242479 4035
5671700 4339
48854888 1861
61725089 9263
23018693 8167
41910417 2537
17871727 397
55077518 4526
16256612 2585
88392515 7013
34239457 2685
89630294 3883
47847734 5968
90474307 5151
15897317 9332
56247963 1547
2479002 3436
39510745 3319
86455109 1867
23710295 6155
15931441 7185
43309955 1675
15506262 8683
82660889 6846
881435247 5
74239513 3258
16338368 6714
202458607 9862
264777363 9351
450995455 9
79477108 9
56792025 4770
75357905 413
14709056 5279
19352403 2109
37288410 3714
21762288 1907
35273067 5254
63262824 6277
25605905 2034
545134631 19
539246684 3261
394132777 2379
430433272 1672
44293606 6333
99741892 7994
346477040 7967
217900374 3861
500572493 1120
181194299 6483
176888317 2298
395004083 4306
428193943 6029
230976235 2531
391069586 1675
106470172 1004
192788042 6312
129754948 3173
459861646 5928
459000870 8921
241302137 1000
233522819 4266
162764235 971
204258903 1747
140874471 3493
39210328 8784
115672571 8612
39267240 3057
93150544 4224
44599912 2931
224919621 167
105344771 6131
124372269 1271
44118124 2119
113839301 4652
55269047 1737
125770612 3261
186270843 564
76857019 9767
133647319 2514
234358721 4009
159546010 6240
49696264 3116
84694662 8
36601461 5152
24783100 303
50700338 2572
168160809 4785
169511497 9301
9705155 9816
119164377 8347
35440034 855
118633235 519
114678771 5236
55326850 75
49397361 2319
158145784 4857
156959045 3063
147022572 3118
83951611 1522
1794904 5537
236267565 201
27940573 5303
21937376 6822
128653785 2605
198141955 8424
109850188 5874
237719639 9711
218795502 5461
105801729 7588
88840267 8410
43825066 3325
41158672 8538
67531808 3761
19426661 3524
12887323 1172
224689644 489
23353900 7254
78409266 4130
217532288 6973
210293315 6063
162278715 1977
154131956 3452
100315844 3596
108689693 7188
92957800 909
42774946 4715
155511409 9343
42573102 3878
46346039 1014
205367244 9640
211591098 7015
43866755 3209
198212857 6188
189350085 280
136518298 2946
37402545 4931
143128885 4787
24861347 5643
104914518 4121
128315414 6596
205415405 987
91372646 1443
227867141 4594
48146588 474
218626830 7682
175267036 6111
231682525 4688
127271855 4709
144602596 6957
168815932 2292
155116845 3116
48891072 8222
180445290 1969
176649258 411
236521335 3675
123183195 1157
202446221 6221
171071178 2776
154323023 1405
121219255 1339
47561554 9798
205167621 2363
56212786 1337
37313230 3049
8700038 1478
223154827 369
128545416 4798
220712291 685
125914241 6128
101729141 5646
15750233 6822
228710216 5255
109722778 3405
38644574 5612
120240861 2865
13607596 9242
235417633 8796
213947529 3134
58883083 5331
115260743 6652
167781489 402
206979319 5477
97044428 2244
144783208 6544
39139079 8113
149987286 1832
84311459 5706
76308042 9318
42153877 8369
171338171 3846
171683764 2594
192448230 7821
171420361 2142
124102193 4333
22957127 2277
137565182 6614
6855102 4043
168253220 5309
177771789 7666
140353139 6902
177449476 6970
161217110 3304
50242561 5147
173102993 5723
192094075 7824
130558479 9398
160536301 7368
39682375 1275
28599883 3443
115607774 3971
215775058 1457
10022458 8988
61355673 4311
194834796 4301
105321277 3337
4530534 4574
127426515 6941
163868856 1712
61643237 5564
22986591 6155
45975925 504
159598381 197
205647615 4451
92595960 8056
109859294 811
202568588 8185
116953252 9812
149512724 4641
160359248 4
205941660 4892
154803061 9487
69506248 2196
140039666 9594
153731637 3092
15533559 9503
198729543 4135
9814306 958
134335327 7328
157134159 8992
167257876 1369
231714768 815
8162161 2479
212103636 3933
41946256 9659
239559491 4637
99239248 7323
55915630 1570
34346168 4471
38699528 9652
219363791 1254
56690442 8799
194543068 3454
206382129 1087
106662656 9860
240528096 7480
128033269 5217
14885402 5141
224729383 669
68535454 4909
74675383 657
153608843 2987
130907534 6277
65564965 4629
180110520 7026
29708269 4763
66472942 6537
6252859 9323
138945870 4010
60584117 6204
35947511 3433
133357745 5292
140185558 5814
54594149 9984
117082904 7975
221119184 3906
184334755 5245
129977036 9776
177128845 2944
209924915 6198
36200561 1007
21697249 9970
188715846 2569
142408962 3752
227110685 4809
217562519 7698
55351117 1097
109836644 8168
50153760 7741
93415809 6300
172286553 2889
116705169 1138
133352090 4066
110914419 9924
57010283 2393
53008 4658
31194415 8891
221253666 643
223583964 2286
98858622 8503
3816563 4862
156797128 4942
167451674 9345
77084815 323
56345579 3741
74091188 585
187535861 3555
209152878 3203
66487845 85
32955026 2302
62483175 9270
57862204 9714
68068838 4858
17206780 4827
231708207 111
170561451 4427
30686680 3110
51724016 8062
118363722 6057
186368251 6167
146524674 6786
197850693 5503
128640174 1663
186426338 5550
5924645 940
49372928 9939
116873961 9482
196220030 1698
91077212 5792
54115348 2186
101358122 4791
34137925 1039
162706009 372
71282383 8336
176395548 4262
163537786 8047
55837192 6310
45865961 8850
136259569 1183
119256658 5076
145841615 3009
67914893 3046
186621169 1019
220619659 7346
80531457 2748
110133842 6567
203078842 8429
88213197 7265
19116297 5316
119439505 5890
131555807 6570
205129148 6739
139776828 6891
235716588 6313
222599822 6271
82730532 4917
204095347 1361
180669348 612
60574878 2787
103751512 4898
192606029 5202
230911049 9728
12012038 1480
234879628 7902
37703917 672
108741926 7083
218304972 8912
112686771 9721
144336525 1992
103584044 8437
10661759 7222
169547679 3400
222083794 9085
177303824 7520
216090463 8444
99094151 2778
174928780 5906
200235386 9284
115753060 6912
86266977 6814
90090898 6902
42927459 5965
159759977 9192
87380036 9593
177017962 180
235722606 4422
93675491 8316
133434352 4124
167639462 5980
207171492 9083
83916797 1395
67980939 6225
118318740 6517
95736194 9432
87108019 4263
23647900 7867
198218677 5684
192243504 357
61864159 4131
79120471 108
105534772 3509
43557708 3868
171203351 7537
172977068 737
193057907 4443
5084686 7596
20046008 4639
7446562 7615
92290124 3570
89789690 6968
147286473 8179
35497798 9281
203430700 1951
179335754 4970
136935474 5540
117569290 8807
148083244 2371
86204043 528
221181598 597
211466570 7332
139403268 4950
89797416 7595
998292 1660
208244645 1294
154204226 7975
96431326 347
213496732 9101
101409708 4441
221681804 8689
84190449 3337
234500922 9683
163826329 5483
168462650 5661
64626969 6749
130166988 2142
33390020 9976
86792767 8763
149027423 5191
227331734 7346
3921852 1573
117574996 9935
76387233 4700
1644365 2226
100123834 626
181319674 713
96648993 7264
70426003 9410
209958444 2501
211961696 3466
82847043 1418
210310713 7752
94447711 7135
115460141 3910
104309920 2079
27315343 3796
55039525 3504
77210675 9131
43412652 9815
178738359 9203
88608650 1292
26282863 2895
203086783 3953
170113704 5932
174444984 8478
181042986 57
162904716 2272
33041859 588
61469542 6706
144635641 3667
60348397 4573
65711800 345
203380777 8560
91700891 9704
149198300 3534
120884025 4513
93937006 4429
85764512 7661
193330553 6545
239346680 1676
154126411 9636
231186049 3446
67633048 5763
196513984 8393
16506397 8888
236588475 3917
33606815 6614
235199656 1991
75210928 6854
121021846 6812
108762229 1564
125325208 9875
187424858 2707
48064478 9827
195599879 7288
218051438 6970
61622817 502
83285796 4210
237977916 9317
45239345 8216
85748527 6998
40063644 5523
203175430 80
22889916 5163
161554417 3934
26986348 563
186942335 5397
109695625 1569
18670209 3138
101335776 4750
91815316 7955
132235475 334
103090865 7417
213912147 3221
217642870 308
16399910 5302
83760968 872
21216538 8381
79857551 9557
240657405 7199
7353766 7152
165923744 5051
159672068 5567
51643026 4950
231081623 2454
109792452 6999
112135254 9783
145402525 5352
59211477 2761
154586758 9750
157603083 5287
10174314 7512
228133160 7030
29726556 4675
210629730 7772
62849105 4776
129381780 6303
199016619 419
32396744 6987
88509746 528
86842564 6310
143650991 6928
31280432 1085
241022656 6358
8879391 4530
68592151 2945
171763514 2037
71005832 6765
2978662 6277
70449470 9365
72620557 429
199845410 6583
237013757 3714
63914191 1321
194652378 6881
145374838 7830
230498187 4179
104537977 7520
44003471 4911
14569745 7381
211801555 6866
72369024 6416
107329931 3840
59502076 3726
177006138 3667
114457455 1409
63543953 1643
160780667 5571
23441561 3081
178607223 6898
196532342 5617
144754346 5302
187115760 4507
208513233 2982
161588729 1042
159065064 9294
29884343 8690
176345055 6310
152235361 5805
30399365 5991
40518303 2905
214920897 5858
44098692 2732
96767889 3919
222790052 402
209103410 6884
149090029 2828
24438198 1625
233734849 8824
111707075 5492
69706014 4658
51370945 498
177523661 8447
129877138 1147
113080064 7580
32081088 4656
37227693 2154
48097090 3427
61560927 4176
155293462 8343
10607488 604
76890041 1590
118819858 5072
41354739 7437
125117554 8733
133371464 924
108275849 3114
14400369 1289
75323318 9645
178661207 6478
76376050 5984
16154671 2322
71640809 2551
99567023 6697
75839483 7087
143101091 5977
164243361 3486
128125582 7193
173261656 8522
136507767 2321
209153653 1558
12050007 2898
26596925 1070
131518596 4997
158685253 5499
81565065 6768
45469313 4863
237863174 845
3919682 4667
66883466 1735
3149894 9854
231053509 6189
117320602 3617
201259101 8307
110483487 9863
71664896 1843
203335989 3820
212569869 4497
199507746 1460
224715790 3169
115191995 7231
205308819 480
203966029 9065
201803345 4116
3257084 2589
141405485 5317
174049292 1535
198124899 1584
193128619 2393
136968184 1860
240184773 745
195307191 321
172256689 5427
68576740 6614
220401904 4753
229228538 2238
228349192 1152
159819955 1737
206994137 762
221786913 3354
46159328 660
43835354 3049
130412866 5817
175206542 9903
222862250 2668
1179701 1004
69138243 954
225504938 1905
21290025 9253
106412047 9622
103390309 2379
158860847 1669
29723934 3070
120109491 7373
233872527 6375
198312831 3404
143574794 9111
222832273 2669
229018851 6490
134289926 7466
195319686 1846
173186673 1631
150858236 6040
167222600 8645
44926367 238
180124183 3648
94691635 1051
162197664 4429
31901808 9296
188806873 5196
128150365 7700
160248907 59
15797240 4087
60424876 7519
40634064 6612
137393524 7548
68203392 476
83365983 3638
224042881 9555
167608092 909
73247233 6807
68094265 456
155811645 7765
200484988 7546
144362415 8883
115391940 4182
239771845 6744
195377320 9234
34063461 2799
240445747 1565
157568482 7871
53082339 1113
68003916 7509
230577561 8740
90048941 11
216837059 7795
215490956 9902
173738724 1096
67699556 9141
100911373 7631
127154429 3443
54455316 1138
173064869 4613
40798124 9727
91334950 6645
238064111 9705
116906559 3393
157598840 8748
62907486 9776
167520074 6571
172546686 8910
228901843 4253
54533470 7118
106911862 1066
160565546 960
142698877 4111
26031918 8677
42699548 3857
134134210 7863
90019606 7890
48256633 9058
98885786 5429
129980859 6846
18997155 9272
160168559 1247
127828695 5167
226922905 2992
149082716 7551
48760648 1512
111464799 7849
160456714 5781
226732209 1418
206345721 2830
145610898 7500
222614117 8318
223150724 4775
236992934 7757
216833739 440
193514527 4721
138505428 7888
40996305 9726
177496981 4561
209571487 294
31705962 8945
124733678 9119
38210986 8816
133838478 9889
78720856 9688
6080936 1022
140372969 9676
123588678 13
83004636 2856
125060768 5806
145911893 4628
70147345 3219
5136027 6898
86817055 1298
1618491 6644
206117093 111
125104329 6834
85721344 7708
52909889 3713
86749028 1010
51241622 7939
140176721 9396
1024409 2413
136453263 821
52814095 1179
138008532 2222
56413263 3820
36627011 6428
3870448 3435
41967791 3793
156067254 1959
125524475 8064
86868148 400
65242728 6508
132747067 3191
103210166 3992
102575530 7971
211771919 7673
111176550 428
31197920 5673
227716648 3702
59673562 5856
116298907 2154
183660918 4832
211970456 3849
56476469 2890
187036513 717
7102452 2355
12299835 1060
212132780 448
3366456 5661
161008128 4460
136509545 6021
218855878 3271
33942800 926
227574118 7875
219479010 648
57278976 6132
118877053 9186
16670884 9469
215590616 2433
7542510 273
167075745 3109
71525392 2189
121864179 1981
132517525 6864
22185318 2098
17879430 6933
220059019 2854
158209383 7256
232199007 9239
93956664 4696
106802141 977
101548258 6024
178256447 977
17666670 400
36219477 4617
110613066 1305
129997774 7255
63457195 2613
107351750 2887
187499585 4871
170227577 4155
106036808 2746
151905622 3302
192116474 6801
79313667 9900
37198359 5737
43869469 2462
24725253 3362
35907025 1340
197900477 1118
103114405 1465
23147217 6165
226507329 2170
53916179 6508
145870609 5445
161537940 9623
18447894 2110
165680629 8382
230970383 5349
43975901 299
179817063 8094
87334012 9060
65176845 5512
99014648 6421
102267024 8845
148187170 9834
219530135 526
37553276 3531
117080858 9628
119277008 2212
70949814 7893
142235415 874
60690615 2813
54276833 1630
180828910 8124
109540185 9062
198576219 7293
224218411 9277
128356750 2709
2922866 9531
178489625 4982
192314504 1102
85380757 9998
115460207 5371
217153494 121
236268666 1020
211020036 3515
123792915 7780
38967435 8270
39114537 4480
80404867 2063
201032394 5804
52055269 6656
147971393 8359
10318260 7122
126661742 1621
65478383 8145
42320232 6135
59257072 8415
157919249 1148
199723489 5091
231247403 6582
203549200 1542
170154819 2441
170497942 9250
133123947 4394
133567085 7407
73088469 7672
148301661 4546
230275741 1473
31300423 9068
27503155 1287
189584573 145
158780320 7032
74640639 19
96134460 5917
20463999 936
199479182 744
215767545 7871
22859922 5846
206679194 5462
182711883 238
1889867 6332
239628229 5243
105538256 8209
143306680 2130
106768852 1896
154084306 2338
60885576 8122
114840639 2871
14326847 9516
76117734 3522
78745725 7014
138612007 3116
127874832 9865
104255298 2526
210768391 2687
73807049 7513
224362328 9335
86888066 9086
136775105 6540
190290561 1663
134614671 591
98186853 3345
129404991 5735
61346655 8469
146471343 2239
52651651 9553
11508741 5702
239685274 4008
130675910 761
176630951 3786
211362755 969
78006008 9686
186363819 6189
174174203 3791
239109995 269
224048767 9537
184744509 4976
134927936 6351
7652101 5867
94657518 5880
153232400 8114
101076929 5753
3827106 7617
101201020 504
202311355 4766
63125338 361
64424848 5279
103466635 5837
62113124 7899
172294756 8883
141714569 9953
182303624 4759
51042241 9870
111681532 3226
35881011 100
165388442 4506
160249764 4586
158012717 8480
194920639 7919
207464072 2117
110819333 8378
88533512 6127
8053907 3130
109369691 9174
157190286 8262
45454246 3392
78904765 5773
72006797 6080
99694973 6714
167315635 3419
230171812 4010
203102135 8747
206768896 7368
101854233 4455
32236328 2962
113891554 7051
18681368 14
132247187 6607
19128377 8751
58025375 8849
74501519 3692
201960973 6840
221728374 4668
65172959 2299
218826697 5396
130987615 5191
69090932 6075
100456542 5804
236208159 8433
21025706 9428
52663327 2022
185505462 2789
212071164 6206
44517625 2579
109929287 3418
57329806 9792
89438499 3287
80103510 6552
236798899 7586
214232826 1149
26170637 8693
51840402 9751
39643152 8877
120021792 2847
72219694 7511
58729834 2821
115944396 2789
105968465 4562
82623155 2306
57988724 949
87703507 8215
207325120 4572
31708521 5204
94991014 9545
42029197 5629
227995949 9967
47830482 3501
167058661 7757
102838816 8770
210971831 9158
16887238 3386
67181362 7748
107821017 3321
240965006 4197
51732531 5225
57703991 8453
62299581 56
14654715 5006
214061833 9557
236639712 495
10546511 7007
2482312 6754
224311793 8736
155201975 6715
37902077 3318
190036077 1000
154333856 8576
51292371 9719
23490409 967
188631293 8044
30495460 6864
16584383 3150
67856828 5103
147125555 283
121365484 1212
189650559 8204
78930411 835
102859277 7861
6271150 4460
25784630 7741
118533200 9250
95782738 6611
145237780 5299
150395567 7433
64287104 8205
56491173 2526
39527797 9121
175310803 7265
136853840 3196
75928811 5988
167955313 9043
67592582 4015
89068567 444
23616789 9114
110739724 3443
24538225 9642
143341612 423
189333327 1109
120283398 729
90073706 3713
178105856 9205
2081196 5924
97913763 2935
85253157 1577
166943750 5600
99518940 9854
37202485 9728
94412810 1812
55718136 7578
73576147 8276
104282577 4270
46727109 3217
67146071 544
101633143 1521
143751575 6626
63729399 4133
36591469 1064
98749839 389
141032080 3083
139788445 9843
157119546 6512
161857026 4850
178519539 8757
93409586 4629
50943162 9331
120686171 1480
171352840 9452
62851073 1995
40768299 6614
65443935 4595
139208998 2533
20982265 1943
170045422 1072
19233948 4465
41466084 2782
12725607 4464
66726396 4558
181285521 5086
185116529 8752
79088952 8953
129417335 5043
151124833 45
108775502 6136
44066443 7248
86218219 8107
7077580 7126
147592124 3557
22292523 9900
50630791 4632
150913484 9852
58804225 8227
41650530 8789
140047497 1987
112930895 5885
111159426 2222
123400361 6901
140729094 5169
185785398 7021
186733237 2373
36746623 1009
7265220 5513
128632321 8367
16540929 2284
155333421 2871
66191394 103
162149779 6676
30733042 6370
26169688 7778
136237629 4276
3242722 5256
184116715 2906
18534467 2174
178002145 6379
66796555 7411
97560984 3693
129248839 4067
55905048 3788
44540097 6982
104369811 600
20220955 7406
130032569 6099
29877240 8585
50056461 4409
24590125 8513
75318077 607
157332454 9441
71509572 4262
164904991 5139
20554419 3348
187561945 5357
108750837 971
175544676 3973
21402763 1724
148682020 9086
54040612 6651
84320487 3137
88299198 746
130619778 6913
132355290 4956
90691775 928
105621710 4667
135889398 9195
174773978 8437
89074874 6246
61299391 4392
49662266 7478
165775033 188
176518478 707
177953415 7108
26731352 3585
96715030 1696
26575148 6298
89370969 6078
2839369 3746
94652641 8647
109190864 7816
10825477 7279
91456313 1159
38992116 772
39516719 96
161956319 4847
78013693 6879
189942355 506
172572257 8595
109965311 2460
97371166 2264
62284646 7947
82390294 409
178099983 7349
94824980 9042
16119868 1875
24098841 9906
185415561 7018
84681947 5862
22585013 7766
93542941 7340
22324910 6887
74192349 3053
104816233 2896
65483098 137
75895650 8780
114040984 5231
120179418 8156
98414493 606
146959370 7188
182469408 5610
121018251 7517
77200624 9555
72727456 9168
182469329 2025
20070016 3247
99427338 8535
117597569 8382
87267311 8539
9253078 9038
15407239 6502
35585844 9364
152573448 3314
103525238 7478
37653659 2932
129423147 1934
138907210 853
67244529 7230
34787777 6424
139595805 4435
84787571 5357
165990589 3032
59312454 2021
19160089 5346
41783999 1807
3367881 2561
136151132 9066
119999751 5420
107619978 9738
189103706 3233
35411303 6622
95687008 5047
34648958 6072
107188029 6547
109433905 471
134437830 4162
17064581 2882
153350227 5071
70229789 5937
87671596 8162
7779466 6120
27985217 5164
177947237 2862
143974478 6541
56010971 932
153855711 2117
150762808 7831
52687245 9421
124118113 2201
67438369 3324
45878738 3770
101527488 3163
105834297 5680
122490785 1452
139634492 3747
134756377 4191
162235183 6337
72651280 6189
133568219 3402
74914270 189
41378481 1578
173195683 3433
23620010 5678
15678189 8650
84740304 5346
151486886 4856
19342151 9551
167761363 9695
168694966 6233
131217772 6204
170434619 4122
189394255 8351
173572624 3950
86981762 7140
49012970 3299
48585937 9376
19848170 3672
82246767 1355
174879767 396
121318439 1043
162286237 1545
110651527 1904
106955039 1269
14666701 7126
40482851 9102
43303132 6640
29521705 6057
79336837 9304
163978098 6019
32734080 4622
101549635 7326
118200710 1499
66984520 5826
114022230 4586
96961217 1641
49430291 7650
71129374 5843
176724390 8915
129865648 6694
105139584 5463
34876924 4052
50297089 1151
19266327 759
126895684 4602
166689956 3656
116031303 1044
31647633 6704
100840316 3401
99047870 8652
183109987 70
46523488 9103
2991926 7266
115640813 5345
80282458 6633
117336234 6346
113990598 1552
68474418 363
32202719 2842
120059547 1354
156253962 9669
38030447 5125
158173078 6701
164011209 5261
55409803 9085
72294780 4830
2946203 8038
92907645 3510
156551646 2986
151038207 5623
106468745 1027
115313031 4658
117937020 8920
54583463 3902
2455804 4108
37331596 1117
146078544 9691
66761277 350
168373305 5480
189175124 7929
141006060 9311
76555734 3436
176186333 2087
43163651 7287
141934462 1320
7707368 8347
111354198 4956
120244054 5403
171942278 934
90083194 4521
121829496 5466
135421716 7581
79955553 6954
177363820 5415
92130309 4554
152915665 5734
65373737 9298
87267184 2329
134923986 2801
140559270 7791
18733975 8297
179447801 505
45931051 5523
175140908 6511
161497691 2969
111709796 336
125867021 268
97194230 2850
22401777 9483
51202722 2489
168749674 9627
25628241 7447
154052738 7805
114019641 1971
151308993 512
62568393 3796
82023618 2224
87566861 6468
69103564 3494
189654637 7052
80834960 2510
93032632 8841
71641449 9121
116066177 4468
6132602 2350
25514265 4114
81520878 7660
84083248 4406
81049945 8471
169764087 2938
111242000 8847
124405297 1692
166460255 7405
74242273 7119
106648364 6374
84121983 7733
107929419 6651
144480064 7525
178154704 110
83555253 8265
69036092 4576
24439710 7909
188864009 9500
189040909 1359
117532055 409
183967626 9694
47527903 3673
112326019 669
73601018 3694
77210305 8073
103103368 7220
27937821 6578
39141101 3152
146485872 8172
40285446 2071
2071591 5522
157345670 5647
149861239 8899
39080884 5426
152863590 9960
35296075 6159
105216747 1802
1747692 3783
109743638 2001
172302307 8481
59590058 8755
24830498 2043
60161312 3470
146123368 4210
124137649 8078
139441461 9006
59824867 4398
134767964 3179
37999956 5641
13355324 4867
123175275 9092
131339572 6324
35599943 9656
13122062 4165
188694235 5620
140330053 7801
118316822 3609
122384753 3998
3001815 9904
36580494 7027
149731344 550
167577694 7534
123813938 9507
175750380 4432
40595681 7962
123470733 4488
74084048 3106
185161870 3490
74229308 122
90943839 3136
26518433 6796
11030362 6349
98878027 9365
44794147 4625
18569614 4252
178102142 4801
152299637 7896
18317958 315
170152008 4955
77217 7508
189501348 48
171645048 4156
108211454 8540
10574341 4643
68125802 6036
18305690 2322
26927726 2091
129003470 3219
137832175 5782
115771360 4498
12693705 829
108819952 454
132435621 7430
139964294 6482
83088802 6911
173072317 7135
7544985 3385
52643595 4501
65681774 9215
1274785 6593
8990417 5758
59974509 1227
44462615 9145
28847742 4909
3140811 7442
71026537 6509
155035165 2938
67161114 7366
18662759 9439
145289112 3847
100823869 6485
180848848 4583
25837959 2931
183191282 8781
54660882 7843
26921792 630
105033354 732
78310113 4980
10978448 1884
181708240 5940
17439259 2980
52871777 8918
184113369 600
187008298 3188
93449707 4118
146686656 9848
155850066 4883
145188556 7272
101368959 9851
126280126 8247
159956391 667
105395707 7451
2556802 2740
56307198 6638
66562899 4940
67377543 8406
174651755 3584
74152887 6209
156455009 8816
135399029 753
93185938 3246
135901832 3308
80000446 5835
31922162 3354
186579309 1894
57451538 7446
85830274 9574
29264510 8249
135956657 6765
132389289 2759
182074194 3397
141529884 7688
93418899 3884
61468266 8635
61563492 9387
41034640 3738
83515909 2969
31933171 1451
71271057 6800
146425210 3357
27623326 8055
75442095 2926
20376695 745
176978411 1895
128691365 2298
189565513 3151
12993515 3197
52988366 2677
83009916 2249
80643376 1689
72233016 282
106483776 9165
103394670 9660
57874716 6709
104353988 2199
151238628 2030
125609447 127
28100761 1158
169123497 8793
91186372 4020
98216821 5001
50466093 8607
186246704 5325
111426454 6483
123124530 4437
157760978 8125
141688218 4663
188138388 2461
42133185 1191
136371390 3968
185764442 391
143340728 7987
28512617 3488
79577047 1770
24439188 7139
58857163 7200
86030835 8890
165095918 1340
91758462 5168
155842629 5034
124050044 7949
101618142 6303
6178429 478
147342576 1966
96391483 3607
55866408 2266
175229175 7676
154502289 8349
121898421 8353
63834578 9300
125453772 2256
15893219 6557
55646821 3544
50230288 2300
106766151 3006
71462576 489
173234798 6619
7234089 8479
132353078 2055
174916827 736
168075234 4335
88967747 87
47817886 8484
181086170 1136
126481439 5376
53180418 1878
76661406 1412
76567993 2698
55274011 9263
120692171 4493
35692550 364
184934721 1723
91959275 1590
188075810 4446
104272199 1652
100681893 3718
52440323 5255
54392552 6762
133805548 3713
61784118 7661
78926987 8558
93874006 2767
119237026 8928
106615223 2773
106666610 3179
12915995 2072
184682161 3860
151411750 2456
83108662 9870
120996787 1183
47552255 5178
54170951 8595
173428405 5134
87346770 1340
8304489 8643
134962200 9881
81020011 8023
32593708 6495
135292517 5020
167552556 8372
164572230 4868
104978654 328
77307423 898
179524561 3652
72351858 9522
21044722 3354
122240858 653
100625449 1361
7099547 5082
61220034 3300
39509724 7328
612108 8272
174778684 5420
153428518 2701
189067011 5682
166436364 4304
5826199 1143
107178319 7060
104452260 2882
70095811 994
28454508 132
66628598 202
140200344 4728
136479727 835
174236633 3454
34580937 4422
18439217 6767
5880382 3784
153674677 6180
815549 515
38725568 958
36262113 1299
11441396 8949
19933136 381
156938596 3048
33418771 8203
8548200 3899
42458097 5075
2610960 3091
92192219 5764
134207927 410
9793216 6450
58468446 5316
68814513 1503
90181161 5907
85858373 7418
98392695 588
135340172 2199
146141252 2584
56861861 5995
126987458 4618
15391778 5722
117045496 1009
23918696 3756
95382416 1821
133786788 4747
97177346 5377
118580244 3152
79160322 1694
131213920 2998
60774559 1658
119995434 9805
41185756 98
130464095 9458
164936852 9865
52416275 126
171053824 9199
131499626 2519
23213808 931
115330541 1939
70186804 6320
59304110 5053
48253138 5054
49070136 216
76000648 1210
113803996 7453
24852450 3817
120297447 1408
123366150 6923
164264790 4906
122887565 1174
49245550 5405
160490741 8851
152137589 3654
111108812 3980
13683193 3333
76633600 3497
113358653 7489
3254948 6753
7758047 2071
9508435 8539
92482632 6050
97839270 3637
133080800 4873
62463904 2303
167237252 7447
40675614 3669
11922471 4984
104365467 344
36790812 6718
563481 9770
24372694 1837
87610256 1306
184705631 1022
31479541 6683
141763424 492
127819679 3832
141033037 4497
160906138 4638
57611844 5901
122858576 1629
85351559 4184
28190086 9049
140249370 9061
87566939 8548
12735274 4025
172333689 3051
153312101 6422
87726679 7858
148861589 7247
138840574 3040
3612008 6848
45890545 573
6563180 4575
156223304 4440
95900934 5808
155694243 4567
77423099 7349
44935938 8611
49260987 9655
24833082 1999
76535333 815
11238546 3321
122333217 4215
185424038 7710
50468291 5347
56700813 9559
65582366 785
36680549 6223
189538771 2774
148797622 6600
6276794 2576
179717610 2425
131292522 659
25182378 172
101576767 7352
189661272 8978
119866764 2983
80773945 5233
20656952 7139
103039450 7348
67946488 5135
96257375 9902
159050300 4207
95942330 1923
60249896 3847
109752111 5750
125412788 1152
183685385 8081
71482743 4769
122701340 3009
82365554 9865
82974717 5816
90301824 8600
27823477 6870
104930083 2606
67908511 7891
45634206 9357
122063055 5666
79610493 5787
31410320 6651
151219215 5117
86235896 296
158453248 2982
88250753 7562
51780787 1983
108023550 2459
175557212 6839
141944758 5436
65838013 2469
3868774 9273
102204021 2069
60482090 1069
97443701 5437
167859790 716
127269719 7083
148007869 9372
123522512 2297
55580139 3559
132752630 2287
34669239 7921
177756176 1107
34087136 469
187397785 1319
27452287 8110
8994406 3939
93036216 1297
141182561 4409
3327235 8503
70161700 1974
86136928 6573
41713570 8978
128474873 2581
53007663 6245
158462270 2608
77125957 2125
177727856 2439
10842265 7302
838829 2138
5588582 8236
185817886 7494
139353164 9666
122350074 5490
39558268 4859
153832784 7484
50960233 1017
137916351 2163
23833456 3143
77932528 5095
25433256 7267
10266258 8338
81181699 6093
38465056 2179
42643887 1946
59658749 4632
80293896 3358
5459424 9472
154097975 7603
185545963 131
180054135 9771
27066369 7052
109735273 98
128617062 5450
44638416 8041
65922420 8653
72140345 3054
157013423 5970
87555246 1635
68985448 4646
8211901 2517
40680031 5099
69354151 7998
127135499 1187
52745390 711
19466647 7072
14503007 6326
100372444 5591
32618099 3962
159646839 1170
146033127 3642
116008339 2521
1743858 9690
156512231 8696
183214438 1122
143837271 4208
174326774 1061
35009647 9205
26197331 3438
46914078 3351
180415048 329
104621375 112
166808869 6180
109220419 173
183938452 6333
160793683 6381
43431505 7112
71373304 8784
100770129 7786
124083603 6000
130374846 935
144350367 5727
57670625 8017
20630787 1532
38044926 4489
9117380 171
76339961 3376
14103066 9485
82091007 7745
19500964 8484
68774222 4360
79433541 2237
37121350 1424
133196008 5283
94663695 918
140761649 442
172383842 817
166115987 5067
174043893 4454
46253393 1645
163912886 9492
153642668 3879
100251167 6927
137918718 9250
75372115 7765
67971857 8580
112080579 3359
90909344 4300
149185149 2763
78734692 2106
36894675 1861
118282239 2564
16788647 3467
181778355 6420
133313052 9322
188185855 8828
129911046 6208
174402648 7011
98012093 896
135592265 8454
123513917 9419
21230146 3668
93842969 5073
8228345 7849
35238576 8717
171358680 28
181947109 7478
112313005 5624
132881779 7676
127378054 1601
34464297 6642
149508410 1097
11458440 4343
131504900 3976
100656397 2926
122692154 3037
126413580 3032
133483002 3087
68880251 1572
23954808 2949
2534301 4728
133023093 4403
131484813 9027
25719217 4915
42446211 5228
42582890 8455
48628921 350
80507435 7981
16570679 9363
13940118 1253
162661224 6086
104762286 7132
130422973 1706
179969630 9039
30658579 9742
96117839 1401
55383305 6868
156979340 7795
10655215 8008
32092807 5873
158541260 90
69483156 4696
149921491 8080
16340274 8891
80857427 7323
51499290 5923
186262038 3675
113024081 2061
140790868 2546
45094991 3514
96552661 3078
103535517 6514
89971729 7971
23969968 3433
36675530 7552
90547121 3211
100148626 3532
189425329 9608
11161341 7904
129512361 7309
71592854 5256
147469237 2918
136297335 5235
28009104 7802
133905860 8721
25302027 8992
183509859 6734
65332338 4145
18647658 12
13881859 4048
1043562 1312
2670068 4667
1188845 3730
11634056 378
16236822 8033
7468392 169
8085395 9583
4063709 7710
6427344 2604
10937419 4326
18257654 1863
209108445 27
63098165 6855
35154166 7394
51859076 2494
142318609 3916
22416639 2811
128888620 3706
175983002 6645
174148241 8579
41049663 1491
24206168 8040
162194253 8061
172735468 9359
162177944 6963
103588381 1813
147807890 5616
36856596 33
59719952 8994
90675038 6954
179871916 5552
195077733 3019
51539536 4237
39216476 8913
1708206 9289
186199777 5474
43181173 3871
165360603 7739
135451821 5015
200000 100
8249 8
4124 6
2212 8
5030 6
2752 10
4723 7
1140 2
4768 5
2830 6
8554 8
7934 7
5186 3
3125 6
5628 9
3341 2
4685 8
3331 2
9192 4
555 7
7563 6
1806 7
7621 7
7669 10
8856 10
1283 8
1346 6
7440 7
4925 4
861 2
5410 3
6544 5
9442 7
9762 5
9159 2
7981 3
5037 5
144 6
3282 7
4313 7
8850 8
7881 9
7819 6
1878 4
7603 10
7276 7
8790 4
8613 8
7830 10
6329 4
7426 2
7602 4
5016 8
4225 4
410 2
4891 7
1340 7
3926 3
4444 6
2624 4
1455 6
3537 5
7437 2
4487 7
3223 9
8813 7
7235 9
5000 10
1598 5
1197 9
1645 2
1880 7
4037 3
563 2
1375 3
649 9
9763 1
4666 6
2399 3
8487 4
4572 7
544 3
2062 6
8728 7
2365 9
7218 6
7966 10
4820 6
1688 6
1564 10
3753 2
3895 5
5818 4
1525 7
5213 2
7438 10
1132 6
6442 4
4756 8
2054 6
7760 9
89026479 21
25501902 1565
20855009 4838
80930701 7669
33660606 8337
76685264 2473
14158187 3441
3552104 3974
14971890 9761
49008605 8906
3436736 3553
74061271 2029
35358186 8576
29915393 1816
14107699 6852
72435635 7758
67005755 1732
42467964 4411
1526371 8374
34487765 6096
48537855 9904
49522752 5771
200000 100
3160 3
2348 7
345 7
2830 5
5497 4
5333 9
768 3
6903 2
5722 2
7009 6
9924 1
6325 10
5881 5
3557 6
2648 4
4664 5
2391 9
8919 8
1307 2
3881 2
2909 6
4914 7
9829 10
827 7
7665 8
3149 9
4700 8
8826 6
9833 4
1553 5
8649 6
4367 9
7193 4
5140 3
4183 9
4961 9
9428 2
5808 3
5911 6
8209 8
8125 3
2573 6
6404 7
9009 3
193 5
6785 6
1617 4
5724 3
8465 10
7867 10
9053 9
5522 3
9923 7
7011 8
1265 4
4232 10
9064 2
3448 9
5000 3
8808 6
6760 9
2876 8
6966 9
2829 3
6772 8
6810 3
2200 7
8715 6
8849 5
2529 9
8325 9
6754 10
1299 8
251 8
924 8
4252 2
3460 8
2259 2
2204 4
3929 3
5926 5
5255 7
4271 6
4057 9
7160 7
9902 2
3441 7
7283 7
2893 10
6041 7
7179 3
1210 6
4098 9
8367 3
7875 3
8211 2
3229 10
4071 10
7614 4
702 5
