99
2525 1
2400 5
300 2
120 60
60 90
566972100 1
311967767 7484
9668795 1
436108 2316
274377285 1
95837251 93
528090057 1
519573259 4154
146819590 1
146726991 9445
693470551 1
483965012 3907
235462912 1
191273606 113
995899852 1
449111685 209
299486756 1
34164548 1744
673014783 1
146155218 2248
942179657 1
258455590 4372
131637163 1
17130198 8535
733035540 1
441814693 7676
880646550 1
524292614 7027
2 1
1 10000
947786086 1
829795629 4321
862184633 1
255423211 8732
1000000000 1
999999999 10000
68389625 1
30324203 7766
581684193 1
185728227 6646
1000000000 2
998000000 10000
999000000 10000
351171522 1
234846724 5030
124268312 2
61623350 7775
4651746 6722
2 1
1 1
494076681 1
29037641 8303
1000000000 2
999999998 3
999999999 2
634523563 1
578005587 9448
776809168 1
303676579 6609
456036159 1
422865280 8896
611754380 1
144053880 596
649069466 1
393917514 7645
161523093 1
41589578 2068
200000 2
5000 2
5001 1
112272586 1
80845514 8240
988502605 1
862939080 6955
654262214 1
464130248 6184
85522302 1
80696192 5535
849796109 1
15117744 3674
1000000000 2
999999997 2
999999996 3
1000000000 1
1 1
447965770 1
135666408 4273
261916209 1
1415903 245
250094654 1
150577343 2050
420873592 1
219829590 4159
19598090 1
12130392 1268
1000000000 1
1 10000
407536335 1
230894170 9192
1000000000 2
200 10000
100 10000
797594126 1
164745408 4207
226121959 1
206086159 2665
699250180 1
199439117 7275
738124774 1
366901879 8737
1000000000 2
999999998 2
999999997 3
405360219 1
224087914 8505
491078407 1
368302845 8405
600306596 1
181172818 8682
114391451 1
25414067 1102
171944878 1
103867652 917
196505236 1
167032814 522
495688484 1
449008424 6713
225059278 1
212488925 764
33665338 1
1582901 4800
60139809 1
25873552 8590
105977651 1
49460001 3681
567097455 1
402383357 6305
611176746 1
19101941 6146
468123556 1
203114143 7175
108102164 2
62350325 8200
52874477 6677
982392162 1
808347463 3956
445892582 1
431889265 6177
458303096 1
29902562 6711
654574711 1
94261384 4382
552124027 1
16437458 2933
591017469 1
131922135 52
584957405 1
34986140 3645
308863745 1
18044870 2366
626078447 1
101433718 3643
1000000000 2
998000000 1
999000000 1
1000000000 2
2 2
1 3
462009732 1
453157960 720
1000000000 1
999999999 1
703991734 1
252652046 4777
929145307 1
228227941 1137
682868688 1
227315890 9368
188931752 1
162544881 858
17971766 1
15913078 9260
509330085 1
82550681 6879
86313017 1
56556323 5091
364009725 1
136578012 329
45431921 1
25382104 6345
1000000000 2
12345675 3
12345676 2
803927126 1
417543572 8442
781783947 1
590129186 230
121934319 1
85928571 8137
222240429 1
36105126 9287
780964874 1
223608697 1317
45902264 1
28269899 477
