100
-1 1 1 -1 1 1 -1 1 -1 1 -1 -1 -1 -1 -1 -1 1 1 -1 -1 -1 1 1 -1 1 1 -1 1 1 1 -1 1 -1 -1 -1 -1 1 -1 -1 -1 -1 -1 1 1 -1 -1 1 -1 -1 -1 -1 -1 -1 -1 1 -1 1 1 1 -1 -1 -1 1 1 -1 -1 1 1 -1 1 1 1 -1 -1 1 1 -1 -1 -1 1 1 1 -1 -1 1 -1 1 1 1 1 -1 1 -1 1 1 -1 -1 1 1 1
100
23 33
56 77
5 10
9 36
28 34
45 58
15 30
9 67
27 100
28 62
76 87
35 91
83 100
41 55
15 36
14 93
24 60
48 63
31 66
8 75
72 96
2 38
42 46
18 44
42 43
7 76
12 92
25 30
16 79
8 53
40 85
54 76
39 77
22 92
17 73
59 84
21 78
24 39
90 91
13 78
32 59
30 67
46 75
14 60
65 71
9 66
8 69
45 56
10 64
3 14
6 39
49 82
67 84
12 29
12 38
21 55
35 55
26 42
5 99
86 93
56 84
8 72
36 98
4 47
48 69
71 96
15 26
28 95
29 36
21 21
20 98
51 76
65 93
31 79
24 84
2 84
41 84
2 79
38 51
47 75
41 95
76 84
29 37
44 94
25 81
35 36
11 76
53 63
5 23
9 91
60 77
30 96
50 76
26 51
9 78
68 95
16 39
4 47
32 81
23 56
