100
2 1
100 20
200 10
2 2
100 20
200 10
3 2
100 10
100 10
100 10
4 2
9 3
7 1
10 1
8 4
9 5
3528 320417
3770 341686
3027 386115
13156 99
11186 36
3797 331186
3754 391727
3989 338889
3671 358894
6 3
357948 193580
999763 69308
196486 352654
93918 737788
169891 407859
218760 316747
3 1
3451 389936
3938 311808
10883 22
4 1
3194 360121
3852 388761
3644 362232
10107 25
10 4
23981 2662
21532 2869
21035 2438
26415 2501
295298 34
20928 2417
215201 29
262098 47
28122 2094
21012 2917
3 1
882763 76775
779721 86921
122431 553570
8 2
22463 2305
262236 32
222372 5
22418 2851
23854 2312
21865 2113
23146 2956
28068 2031
9 5
55939 359007
145951 645720
429897 792044
561402 726623
277406 508651
203514 458838
373642 763208
597219 127573
315547 841424
2 1
3951 361854
16648 40
8 4
172500 489595
95913 880539
303335 278422
174332 484450
112745 749081
137062 616182
105039 804036
717302 117740
2 1
11630 47
3818 383674
4 3
942057 74648
183816 382571
91977 764568
137268 512302
6 4
546273 11352
65016 95381
113477 54648
8127 763048
22446 276276
8671 715176
7 5
359505 212882
457460 167298
288437 265334
88228 867436
378887 201992
945168 80972
396739 192903
9 5
896636 546303
706534 70368
533796 6846
214993 33559
382734 978003
19620 8458
45808 972287
917634 389062
346248 29905
5 1
276027 54
280584 57
27266 2092
24771 2283
24365 2674
4 3
26009 2810
25595 2173
27099 2819
240973 16
3 1
162596 373003
95650 634070
121359 499747
4 2
109545 546318
650660 91978
138061 433478
122781 487424
6 2
22426 2488
28483 2152
273683 52
25297 2581
20230 2259
295053 17
10 3
716185 452937
523644 197482
443757 803160
821103 96015
236046 768723
794191 646317
790923 767472
687717 797372
314914 909474
516903 960779
10 5
842379 136188
378595 311648
410803 214436
87732 616004
791250 696597
208344 869755
193699 250934
196999 529964
940089 828645
924014 36898
9 5
12672 86
3671 355510
3976 337806
3252 328741
3738 394670
12255 26
3071 350085
3387 395672
3520 371537
10 7
168789 436915
260612 334655
797426 755002
191081 560407
296954 825066
498187 558164
591172 270607
775132 301185
348282 339433
459800 580838
4 2
125085 438253
385538 142188
532372 102971
262540 208802
2 1
25189 2315
270616 93
10 6
18879 860472
16492 985014
30566 531468
183483 88536
565471 28728
37962 427924
96348 168606
35224 461187
277704 58497
72261 224808
2 2
218892 50778
46748 237762
10 7
474601 87626
102221 406838
917578 45323
872237 47679
132725 313335
182581 227775
291269 142780
419888 99044
132775 313217
215539 192946
7 4
91698 134316
70122 175644
263466 46748
35588 346086
123318 99876
160146 76908
29848 412641
3 1
24066 2312
253623 15
27066 2518
8 2
265618 287046
353951 215410
151643 502790
241872 315227
290335 262609
120602 632200
531662 143408
122098 624454
2 1
76703 66878
296208 697761
9 5
3767 325036
3160 373815
16340 61
3404 306829
3185 325488
17148 60
3848 338420
3642 332654
3873 397722
6 1
141882 409429
368855 157489
450965 128814
63456 915447
167383 347052
172180 337383
7 5
767280 63797
85047 575566
55419 883274
72645 673827
291846 167726
676509 72357
380160 128762
7 3
330652 299856
418320 682335
579166 381270
463870 482352
554236 151044
517630 114173
527241 920451
4 2
3520 344198
3170 390011
3163 387115
10834 90
3 1
863088 30450
260151 814555
994654 407225
3 1
3244 300469
12130 64
3807 399251
9 6
26658 2465
21342 2545
24848 2330
28095 2882
20398 2561
283964 25
260708 8
29416 2868
25814 2992
5 3
257506 43
21785 2209
267652 81
24146 2143
23769 2626
5 3
18972 585858
90909 122264
41769 266104
867132 12818
167388 66402
7 4
29466 2564
25810 2781
215909 15
20851 2561
20127 2504
20653 2644
273552 100
5 2
95250 803356
316575 241711
256520 298299
810478 94413
136227 561707
10 2
172088 342941
975830 916277
255871 619365
967915 631161
180483 322614
540543 125263
983377 239444
681290 948620
149946 718324
740871 969604
3 2
280757 28
28071 2753
29659 2740
7 4
302841 15096
32844 139194
9842 464508
501942 9108
347208 13167
69597 65688
27676 165186
10 10
1000000 1000000
1000000 1000000
1000000 1000000
1000000 1000000
1000000 1000000
1000000 1000000
1000000 1000000
1000000 1000000
1000000 1000000
1000000 1000000
4 3
793119 66402
734335 923450
820552 373661
905335 20266
4 1
3479 329072
3619 317930
3045 399722
16212 82
4 2
140294 485694
359275 939986
596266 696507
237063 109798
9 3
650542 467466
6254 240675
708766 288353
782281 575104
158847 445745
624105 442805
584789 374755
253369 491966
412195 710836
6 4
447678 14268
56202 113652
37638 169708
33292 191862
181917 35112
154242 41412
7 4
309764 39474
579124 21114
45288 269997
44548 274482
798252 15318
211302 57868
105672 115713
2 2
107338 143964
615846 25092
3 1
582141 904370
422459 609241
599212 753139
5 3
196248 42021
67599 121992
11339 727272
173604 47502
35581 231768
2 1
3736 328943
16623 6
10 5
3308 307396
18051 70
3649 343368
3695 364133
3994 341271
3200 303580
18044 79
17411 37
3860 308202
3010 353167
1 1
1 1
2 1
3956 341647
13110 95
8 4
604340 747861
414003 585994
127436 825386
766424 853749
276602 17637
107693 832443
469870 392126
589133 513062
7 5
3571 319578
3172 374945
3468 321390
3438 385191
3820 335980
14374 33
10179 32
5 3
20992 2540
27174 2047
248596 69
26304 2204
292830 57
8 6
110797 120358
163123 81750
127646 104471
253441 52617
580250 22982
181233 73581
13602 980393
717685 18581
7 4
878797 727372
392741 493995
648276 115063
507529 320267
140152 193740
990930 862581
218761 233983
3 2
181917 79464
30668 471366
869159 16632
5 2
28159 2978
229399 69
235650 89
23580 2876
20082 2550
7 4
55986 329004
241832 76167
25308 727818
455886 40404
121303 151848
23478 784548
200466 91884
3 2
122718 774630
99836 952172
122568 775578
6 4
4946 937866
573375 946322
743856 647622
6793 432351
351669 714827
805419 830712
3 2
853944 5301
487692 9282
11628 389298
6 3
208712 104247
199344 109146
64572 336951
357039 60939
234558 92760
359226 60568
10 5
3092 382698
14719 23
3167 301484
3123 306126
3205 372955
10998 59
3377 323350
3301 328685
16983 85
3046 348625
6 4
262548 9842
408408 6327
920227 2808
5434 475524
788766 3276
151848 17017
9 2
76496 315291
285497 84479
59852 402969
49299 489229
26546 908555
42554 566774
84024 287043
159419 151290
190236 126782
4 1
3701 378064
3903 312450
3733 359449
19142 10
3 2
237256 195821
481343 96521
191899 242105
6 3
20834 2164
25884 2500
25096 2222
29987 2825
244750 41
215178 11
3 1
3388 377190
3162 325289
15659 90
6 4
84952 375003
137256 232101
81396 391386
300699 105944
135864 234479
125001 254856
6 4
115128 131537
206271 73416
588924 25714
26703 567112
22919 660744
31863 475272
9 2
23402 2531
29357 2520
24687 2928
24247 2190
26962 2626
24348 2850
213454 69
25559 2470
249968 24
6 4
422348 291039
146391 139880
557632 80671
370150 566065
350317 13460
989044 326281
6 1
571288 730208
617695 266681
762716 266165
254933 335589
691107 574301
646487 864285
10 3
25963 2722
21637 2632
26077 2939
284840 95
27570 2520
248119 67
21630 2037
216884 3
22409 2365
23368 2530
9 5
11765 44
3303 367673
3302 310804
16843 71
3236 308106
3497 358591
3487 397151
3163 343475
3293 397396
7 2
25631 785707
116809 172405
114937 175213
427559 47101
164232 122622
840819 23951
467022 43121
8 6
820460 305622
299027 301633
832456 862927
753359 11646
306202 576226
677851 325260
52072 133614
889620 355210
7 4
596904 4797
158916 18018
10098 283556
185402 15444
9348 306306
63954 44772
51414 55692
7 3
699518 129323
213441 423835
378909 238748
191465 472482
631448 143264
131245 689274
777835 116302
3 2
3767 375455
11422 95
3125 374283
5 1
260102 1
271648 56
26153 2845
24122 2471
25257 2368
2 2
41667 171864
31992 223839
7 5
29247 2172
26213 2793
26794 2209
270561 39
20737 2028
20965 2238
264222 59
