100
4 4
1.4000
0.5000 0.7000 0.8000 0.6000
2 2
1.0000
0.0000 0.0000
2 1
0.0000
0.9000 0.8000
2 1
0.1000
0.4000 0.5000
48 22
0.0217
0.9170 0.9689 0.0450 0.1315 0.0863 0.8354 0.8446 0.6936 0.9371 0.8645 0.4035 0.6186 0.6172 0.4830 0.1379 0.6530 0.0599 0.0621 0.9776 0.8083 0.7139 0.3558 0.6002 0.3254 0.0928 0.7460 0.2060 0.5018 0.4952 0.7577 0.9080 0.3340 0.4725 0.4647 0.5878 0.0750 0.4900 0.0705 0.8248 0.2476 0.5030 0.6892 0.2548 0.1765 0.2720 0.0778 0.9045 0.6587
49 37
10.5446
0.9863 0.1179 0.5439 0.0962 0.2568 0.8500 0.0079 0.4321 0.1684 0.6667 0.4865 0.1834 0.2973 0.3624 0.5507 0.9603 0.5410 0.1551 0.6113 0.2842 0.5141 0.7531 0.7399 0.4899 0.2525 0.4396 0.4965 0.8929 0.3134 0.4744 0.8255 0.1894 0.5539 0.0587 0.1191 0.2905 0.2786 0.7107 0.9933 0.5127 0.5494 0.0003 0.9550 0.7242 0.4116 0.8277 0.7191 0.0881 0.5782
45 43
0.5193
0.1817 0.7026 0.9764 0.9155 0.7525 0.1525 0.9597 0.7051 0.1107 0.7088 0.3183 0.1438 0.5965 0.6569 0.1570 0.5502 0.8384 0.3095 0.7195 0.2319 0.9492 0.4527 0.0855 0.4191 0.1906 0.1385 0.5019 0.0183 0.3945 0.0252 0.3037 0.7047 0.0263 0.4534 0.2794 0.0955 0.3014 0.5831 0.7239 0.0927 0.2663 0.2752 0.5084 0.2240 0.4971
46 26
3.8109
0.3990 0.1639 0.3289 0.5920 0.6881 0.1869 0.9110 0.7928 0.7714 0.9248 0.1750 0.4736 0.1921 0.2677 0.3898 0.7279 0.7185 0.7525 0.5869 0.8247 0.1227 0.1733 0.1683 0.8761 0.3926 0.2620 0.4519 0.4851 0.5135 0.5112 0.2390 0.9577 0.6492 0.9439 0.4146 0.7428 0.5782 0.6989 0.9665 0.4508 0.6128 0.7789 0.0385 0.2586 0.0798 0.1214
50 1
0.0000
1.0000 1.0000 1.0000 1.0000 1.0000 1.0000 1.0000 1.0000 1.0000 1.0000 1.0000 1.0000 1.0000 1.0000 1.0000 1.0000 1.0000 1.0000 1.0000 1.0000 1.0000 1.0000 1.0000 1.0000 1.0000 1.0000 1.0000 1.0000 1.0000 1.0000 1.0000 1.0000 1.0000 1.0000 1.0000 1.0000 1.0000 1.0000 1.0000 1.0000 1.0000 1.0000 1.0000 1.0000 1.0000 1.0000 1.0000 1.0000 1.0000 1.0000
46 43
17.8609
0.9229 0.0332 0.0608 0.7854 0.2415 0.7595 0.2672 0.3229 0.1777 0.4557 0.3560 0.1937 0.7438 0.7081 0.1575 0.4340 0.4715 0.2375 0.0973 0.1217 0.8884 0.4294 0.5022 0.8707 0.9376 0.9059 0.9957 0.4213 0.9346 0.5615 0.1951 0.3915 0.1995 0.5668 0.1583 0.0309 0.0526 0.9918 0.5530 0.9799 0.7708 0.8931 0.1283 0.4806 0.7657 0.5688
46 32
0.0108
0.6708 0.9871 0.3905 0.6451 0.1394 0.5188 0.0607 0.8712 0.3742 0.1110 0.1561 0.5504 0.1161 0.5491 0.0347 0.1748 0.0582 0.1836 0.0015 0.1854 0.3196 0.6742 0.0187 0.5231 0.9276 0.6275 0.3649 0.2869 0.6127 0.5413 0.2760 0.3213 0.9806 0.2642 0.5690 0.0640 0.2964 0.0955 0.9647 0.8182 0.2329 0.8625 0.4561 0.7693 0.3200 0.9475
50 45
0.0138
0.1971 0.0036 0.4769 0.2148 0.0318 0.5839 0.5231 0.3364 0.8614 0.5554 0.3308 0.9477 0.4951 0.5590 0.1105 0.3564 0.5423 0.9356 0.7419 0.4447 0.0192 0.2749 0.9356 0.5978 0.0588 0.3201 0.7589 0.2285 0.8470 0.6895 0.1337 0.1305 0.6738 0.5871 0.7092 0.7672 0.1035 0.4933 0.0020 0.6973 0.6573 0.7755 0.2372 0.4672 0.6911 0.2784 0.5252 0.7081 0.0367 0.8306
50 29
0.8116
0.8059 0.1385 0.5955 0.9451 0.5009 0.5113 0.1580 0.8512 0.4644 0.5815 0.0166 0.3597 0.3749 0.3569 0.4509 0.3829 0.0361 0.0966 0.9368 0.8782 0.3842 0.5989 0.9002 0.1707 0.4272 0.3017 0.6086 0.7983 0.2905 0.2649 0.5992 0.0680 0.8157 0.1649 0.1551 0.5517 0.9346 0.5152 0.4902 0.2042 0.2228 0.1000 0.4477 0.0357 0.4386 0.7037 0.8692 0.0909 0.5095 0.3399
49 39
0.0033
0.0083 0.7732 0.0404 0.8654 0.5071 0.1957 0.4563 0.6493 0.9184 0.1465 0.0737 0.6991 0.7812 0.6072 0.8973 0.1386 0.7598 0.2554 0.5225 0.0382 0.3260 0.0004 0.1591 0.1555 0.4422 0.2050 0.0820 0.0624 0.7571 0.9754 0.3925 0.0796 0.0649 0.1559 0.4673 0.9571 0.5543 0.8618 0.6233 0.0982 0.4652 0.7576 0.8260 0.2081 0.0999 0.8181 0.8367 0.1867 0.1143
47 22
0.0099
0.3749 0.3334 0.9731 0.6256 0.6594 0.0313 0.6233 0.6584 0.5359 0.1449 0.5206 0.0933 0.8494 0.5409 0.9470 0.4868 0.5973 0.8832 0.3071 0.8066 0.3063 0.0901 0.6698 0.6357 0.0093 0.2106 0.9107 0.2799 0.3511 0.3277 0.2876 0.4508 0.0952 0.7390 0.4266 0.2088 0.1222 0.0901 0.4975 0.3741 0.6453 0.4811 0.2358 0.2580 0.4512 0.9619 0.0521
48 46
0.0042
0.4031 0.7153 0.8652 0.5376 0.9204 0.0107 0.1832 0.7501 0.5490 0.2533 0.9765 0.9468 0.6117 0.6736 0.7916 0.6466 0.8871 0.1823 0.6263 0.8034 0.3650 0.6434 0.5390 0.4945 0.0964 0.7692 0.5669 0.1851 0.2402 0.2528 0.3797 0.2420 0.5825 0.4567 0.8440 0.1014 0.6308 0.7790 0.2635 0.3058 0.6972 0.1252 0.6789 0.4068 0.2407 0.7534 0.1810 0.4275
46 36
0.0217
0.0863 0.1252 0.0760 0.7512 0.1327 0.6493 0.8016 0.1025 0.1296 0.6301 0.5946 0.5984 0.9281 0.5836 0.5333 0.4533 0.9737 0.1343 0.5732 0.7441 0.8664 0.3134 0.3180 0.4901 0.4086 0.7299 0.9055 0.5513 0.4706 0.5105 0.0044 0.1000 0.1986 0.8800 0.6810 0.7186 0.5509 0.4344 0.8295 0.9859 0.3234 0.0884 0.7432 0.2357 0.9830 0.9869
49 27
2.2603
0.7932 0.6873 0.8354 0.4266 0.3545 0.2831 0.6047 0.3106 0.1762 0.7694 0.5154 0.0739 0.2869 0.7213 0.2235 0.2062 0.0852 0.1679 0.2017 0.4379 0.7001 0.5352 0.4795 0.5509 0.2368 0.8491 0.3850 0.7809 0.1160 0.6857 0.7444 0.5337 0.7961 0.8378 0.6125 0.5095 0.8561 0.7064 0.4606 0.4581 0.4856 0.1329 0.0706 0.6942 0.5165 0.5347 0.7481 0.8691 0.9229
50 25
0.0000
0.0000 0.0000 0.0000 0.0000 0.0000 0.0000 0.0000 0.0000 0.0000 0.0000 0.0000 0.0000 0.0000 0.0000 0.0000 0.0000 0.0000 0.0000 0.0000 0.0000 0.0000 0.0000 0.0000 0.0000 0.0000 0.0000 0.0000 0.0000 0.0000 0.0000 0.0000 0.0000 0.0000 0.0000 0.0000 0.0000 0.0000 0.0000 0.0000 0.0000 0.0000 0.0000 0.0000 0.0000 0.0000 0.0000 0.0000 0.0000 0.0000 0.0000
49 17
0.0185
0.0561 0.7386 0.1837 0.4408 0.1247 0.8158 0.7203 0.1449 0.9608 0.1881 0.1817 0.4378 0.7420 0.2887 0.9666 0.6688 0.5832 0.9384 0.3629 0.7511 0.6440 0.9063 0.9714 0.4281 0.2540 0.9784 0.3698 0.6154 0.6225 0.4960 0.7404 0.8753 0.5022 0.0867 0.4344 0.1083 0.8706 0.6699 0.0994 0.3129 0.1076 0.3541 0.5217 0.6200 0.6858 0.0043 0.2987 0.9455 0.8339
50 25
0.6901
0.2791 0.2443 0.3512 0.8928 0.1761 0.2108 0.6915 0.6598 0.8091 0.1224 0.6986 0.3337 0.5109 0.2683 0.0857 0.6759 0.3158 0.0539 0.8764 0.8733 0.7744 0.9641 0.8265 0.2187 0.5160 0.3303 0.9318 0.0863 0.9926 0.1842 0.0932 0.2665 0.7255 0.7951 0.3483 0.9438 0.0770 0.7417 0.7287 0.7742 0.1546 0.3724 0.6196 0.7205 0.1090 0.0507 0.5154 0.5983 0.2215 0.8871
50 42
8.3563
0.7518 0.8091 0.7309 0.6128 0.0100 0.9621 0.0968 0.0664 0.9500 0.5112 0.7433 0.9938 0.7458 0.5032 0.5750 0.6808 0.4161 0.0803 0.0336 0.1885 0.5658 0.2982 0.3535 0.3996 0.9496 0.3509 0.8013 0.6043 0.0683 0.0976 0.1497 0.7183 0.9518 0.1140 0.6233 0.5394 0.5123 0.4828 0.8042 0.4613 0.0496 0.6086 0.0678 0.9220 0.6051 0.4973 0.3371 0.5096 0.4308 0.7679
50 1
33.3350
0.3333 0.3333 0.3333 0.3333 0.3333 0.3333 0.3333 0.3333 0.3333 0.3333 0.3333 0.3333 0.3333 0.3333 0.3333 0.3333 0.3333 0.3333 0.3333 0.3333 0.3333 0.3333 0.3333 0.3333 0.3333 0.3333 0.3333 0.3333 0.3333 0.3333 0.3333 0.3333 0.3333 0.3333 0.3333 0.3333 0.3333 0.3333 0.3333 0.3333 0.3333 0.3333 0.3333 0.3333 0.3333 0.3333 0.3333 0.3333 0.3333 0.3333
49 35
0.0186
0.3895 0.9282 0.2275 0.1308 0.9399 0.9907 0.9403 0.2681 0.3032 0.6058 0.1311 0.8871 0.4933 0.7650 0.0936 0.3568 0.6889 0.0449 0.3609 0.2575 0.8305 0.1675 0.9732 0.5958 0.9520 0.4538 0.1336 0.4059 0.0130 0.5398 0.2957 0.8770 0.1900 0.1826 0.3723 0.0890 0.0738 0.6139 0.5424 0.3631 0.4126 0.6615 0.6513 0.1492 0.7534 0.4696 0.5183 0.4980 0.0611
49 21
0.0122
0.7807 0.3964 0.6268 0.3735 0.3333 0.6257 0.8937 0.0805 0.2198 0.2481 0.2515 0.5787 0.0465 0.8271 0.9335 0.8571 0.9437 0.3890 0.3098 0.5682 0.3259 0.4106 0.9140 0.0174 0.6842 0.5763 0.3799 0.5854 0.5886 0.2215 0.4314 0.1313 0.8788 0.8326 0.1786 0.5160 0.8178 0.9976 0.0371 0.1580 0.5313 0.9520 0.2150 0.0653 0.0096 0.1814 0.1335 0.5922 0.4540
50 25
50.0000
0.0000 0.0000 0.0000 0.0000 0.0000 0.0000 0.0000 0.0000 0.0000 0.0000 0.0000 0.0000 0.0000 0.0000 0.0000 0.0000 0.0000 0.0000 0.0000 0.0000 0.0000 0.0000 0.0000 0.0000 0.0000 0.0000 0.0000 0.0000 0.0000 0.0000 0.0000 0.0000 0.0000 0.0000 0.0000 0.0000 0.0000 0.0000 0.0000 0.0000 0.0000 0.0000 0.0000 0.0000 0.0000 0.0000 0.0000 0.0000 0.0000 0.0000
50 46
13.3611
0.2017 0.1682 0.2171 0.2993 0.6931 0.9898 0.4584 0.6283 0.7171 0.2757 0.4173 0.3573 0.4551 0.9010 0.4184 0.9010 0.1226 0.6943 0.5216 0.1874 0.7343 0.2699 0.0326 0.2008 0.1362 0.0691 0.2170 0.1017 0.3530 0.8034 0.4847 0.1020 0.2305 0.0414 0.9423 0.1591 0.9218 0.1115 0.5317 0.2594 0.6908 0.9398 0.8921 0.3615 0.3113 0.9216 0.6517 0.6992 0.4350 0.9588
49 21
18.2585
0.7971 0.7608 0.4070 0.8082 0.3426 0.4084 0.8832 0.5967 0.6805 0.9779 0.9293 0.3704 0.6774 0.6222 0.8014 0.4808 0.8544 0.9310 0.6160 0.5348 0.1603 0.6427 0.8777 0.5834 0.6750 0.9888 0.1495 0.2474 0.6126 0.5136 0.5180 0.4124 0.2768 0.2605 0.4229 0.5117 0.2987 0.8235 0.9461 0.9526 0.4020 0.7623 0.5146 0.1655 0.3150 0.6794 0.9351 0.6792 0.4381
45 27
0.0086
0.2071 0.2737 0.6014 0.3268 0.1570 0.9430 0.7102 0.5045 0.7670 0.7798 0.4386 0.0466 0.0140 0.2004 0.5444 0.3862 0.4933 0.5103 0.0148 0.1761 0.4795 0.3937 0.0519 0.2610 0.3519 0.7147 0.3617 0.9701 0.0667 0.8547 0.6654 0.9867 0.1718 0.2755 0.8280 0.5226 0.2921 0.7684 0.9830 0.8894 0.8635 0.2279 0.9734 0.0470 0.7602
48 35
2.4868
0.2824 0.6142 0.3998 0.8685 0.4430 0.6778 0.4529 0.2172 0.0755 0.2562 0.9582 0.1034 0.0337 0.7062 0.8856 0.3836 0.9360 0.9294 0.1606 0.7889 0.6603 0.7526 0.9648 0.3608 0.0417 0.0031 0.2294 0.1991 0.9511 0.0693 0.7886 0.4509 0.1528 0.3710 0.4866 0.8237 0.3907 0.9112 0.0408 0.5999 0.8986 0.5335 0.2837 0.8664 0.2181 0.0170 0.5453 0.0266
50 49
0.0000
0.9999 0.9999 0.9999 0.9999 0.9999 0.9999 0.9999 0.9999 0.9999 0.9999 0.9999 0.9999 0.9999 0.9999 0.9999 0.9999 0.9999 0.9999 0.9999 0.9999 0.9999 0.9999 0.9999 0.9999 0.9999 0.9999 0.9999 0.9999 0.9999 0.9999 0.9999 0.9999 0.9999 0.9999 0.9999 0.9999 0.9999 0.9999 0.9999 0.9999 0.9999 0.9999 0.9999 0.9999 0.9999 0.9999 0.9999 0.9999 0.9999 0.9999
1 1
0.3333
0.0000
2 1
0.3333
0.0000 0.0000
50 25
0.0000
1.0000 1.0000 1.0000 1.0000 1.0000 1.0000 1.0000 1.0000 1.0000 1.0000 1.0000 1.0000 1.0000 1.0000 1.0000 1.0000 1.0000 1.0000 1.0000 1.0000 1.0000 1.0000 1.0000 1.0000 1.0000 1.0000 1.0000 1.0000 1.0000 1.0000 1.0000 1.0000 1.0000 1.0000 1.0000 1.0000 1.0000 1.0000 1.0000 1.0000 1.0000 1.0000 1.0000 1.0000 1.0000 1.0000 1.0000 1.0000 1.0000 1.0000
50 25
0.0000
0.3333 0.3333 0.3333 0.3333 0.3333 0.3333 0.3333 0.3333 0.3333 0.3333 0.3333 0.3333 0.3333 0.3333 0.3333 0.3333 0.3333 0.3333 0.3333 0.3333 0.3333 0.3333 0.3333 0.3333 0.3333 0.3333 0.3333 0.3333 0.3333 0.3333 0.3333 0.3333 0.3333 0.3333 0.3333 0.3333 0.3333 0.3333 0.3333 0.3333 0.3333 0.3333 0.3333 0.3333 0.3333 0.3333 0.3333 0.3333 0.3333 0.3333
45 19
0.0048
0.5766 0.7387 0.0453 0.0450 0.0476 0.5937 0.2978 0.7084 0.4699 0.6059 0.6186 0.2405 0.8847 0.2693 0.2021 0.4354 0.5786 0.5811 0.7109 0.0771 0.0401 0.4094 0.6918 0.4530 0.5841 0.8273 0.7948 0.7706 0.9544 0.3198 0.1249 0.7878 0.5321 0.8424 0.9217 0.3380 0.6298 0.3348 0.9947 0.3714 0.2487 0.6051 0.5138 0.0432 0.8877
50 37
9.9970
0.3865 0.5207 0.6334 0.8409 0.4646 0.2829 0.1017 0.2059 0.2387 0.1716 0.4633 0.4188 0.1654 0.6683 0.3703 0.9285 0.7552 0.1043 0.4026 0.1476 0.7061 0.0759 0.3634 0.6824 0.5973 0.9971 0.7383 0.8113 0.2887 0.6676 0.4559 0.6598 0.7528 0.6772 0.7095 0.1804 0.3875 0.7915 0.7890 0.5945 0.4497 0.2687 0.4673 0.5469 0.2822 0.1230 0.2710 0.7380 0.8525 0.7402
50 50
0.0000
1.0000 1.0000 1.0000 1.0000 1.0000 1.0000 1.0000 1.0000 1.0000 1.0000 1.0000 1.0000 1.0000 1.0000 1.0000 1.0000 1.0000 1.0000 1.0000 1.0000 1.0000 1.0000 1.0000 1.0000 1.0000 1.0000 1.0000 1.0000 1.0000 1.0000 1.0000 1.0000 1.0000 1.0000 1.0000 1.0000 1.0000 1.0000 1.0000 1.0000 1.0000 1.0000 1.0000 1.0000 1.0000 1.0000 1.0000 1.0000 1.0000 1.0000
45 19
0.0193
0.3288 0.0160 0.4777 0.9812 0.6884 0.0919 0.2392 0.2677 0.8448 0.4274 0.0446 0.5756 0.6668 0.9892 0.3252 0.0058 0.7689 0.3606 0.1799 0.2275 0.5524 0.1903 0.3120 0.4789 0.5202 0.8456 0.2837 0.6417 0.8030 0.2871 0.0728 0.1415 0.9770 0.1133 0.3351 0.8557 0.6970 0.3447 0.0867 0.1604 0.3940 0.9803 0.5832 0.8873 0.5142
49 15
0.0121
0.7776 0.9293 0.0347 0.5325 0.3527 0.8641 0.1610 0.2825 0.3346 0.2023 0.9932 0.8461 0.2376 0.4927 0.2426 0.5142 0.6709 0.0021 0.1397 0.4117 0.0279 0.7472 0.3607 0.9031 0.6496 0.1027 0.5522 0.2239 0.8786 0.3436 0.0869 0.4043 0.1848 0.6406 0.1327 0.6920 0.1568 0.0606 0.7962 0.7625 0.1234 0.9741 0.0456 0.3926 0.1711 0.1741 0.6206 0.3150 0.9695
1 1
1.0000
0.0000
1 1
0.3333
0.5000
48 21
0.0226
0.5520 0.1213 0.1934 0.9544 0.7165 0.9906 0.6644 0.8746 0.3073 0.4768 0.3224 0.5677 0.9358 0.1851 0.9526 0.0231 0.0113 0.3835 0.7990 0.8009 0.3838 0.2116 0.9835 0.6629 0.5851 0.4999 0.6445 0.0109 0.7452 0.1517 0.6983 0.9122 0.2539 0.1843 0.6708 0.7386 0.6240 0.0452 0.1301 0.3407 0.2233 0.7857 0.3434 0.8292 0.4035 0.1194 0.6299 0.4315
50 50
0.0000
0.8765 0.8765 0.8765 0.8765 0.8765 0.8765 0.8765 0.8765 0.8765 0.8765 0.8765 0.8765 0.8765 0.8765 0.8765 0.8765 0.8765 0.8765 0.8765 0.8765 0.8765 0.8765 0.8765 0.8765 0.8765 0.8765 0.8765 0.8765 0.8765 0.8765 0.8765 0.8765 0.8765 0.8765 0.8765 0.8765 0.8765 0.8765 0.8765 0.8765 0.8765 0.8765 0.8765 0.8765 0.8765 0.8765 0.8765 0.8765 0.8765 0.8765
47 32
5.2251
0.7367 0.5256 0.8379 0.1469 0.5445 0.8865 0.4367 0.4416 0.8738 0.3581 0.5299 0.7395 0.8733 0.7360 0.7642 0.1208 0.4983 0.6552 0.2941 0.3857 0.3317 0.9526 0.2129 0.0217 0.2055 0.6516 0.9156 0.5380 0.6554 0.8517 0.2884 0.2465 0.0921 0.8225 0.3390 0.6559 0.9562 0.4344 0.8325 0.3913 0.5309 0.1279 0.1399 0.8071 0.0017 0.4173 0.3010
2 1
1.0000
0.0000 0.0000
47 16
7.6237
0.2971 0.7056 0.0853 0.5024 0.2647 0.6048 0.3315 0.3798 0.5618 0.5520 0.9450 0.7315 0.9714 0.2533 0.9221 0.6315 0.3804 0.2341 0.0326 0.7550 0.8506 0.9159 0.4473 0.6209 0.6762 0.5152 0.6547 0.2988 0.2903 0.4874 0.4995 0.3148 0.0809 0.0824 0.2955 0.7782 0.6022 0.9387 0.0724 0.3250 0.4390 0.3873 0.4915 0.7365 0.2360 0.5278 0.5781
50 25
33.3350
0.3333 0.3333 0.3333 0.3333 0.3333 0.3333 0.3333 0.3333 0.3333 0.3333 0.3333 0.3333 0.3333 0.3333 0.3333 0.3333 0.3333 0.3333 0.3333 0.3333 0.3333 0.3333 0.3333 0.3333 0.3333 0.3333 0.3333 0.3333 0.3333 0.3333 0.3333 0.3333 0.3333 0.3333 0.3333 0.3333 0.3333 0.3333 0.3333 0.3333 0.3333 0.3333 0.3333 0.3333 0.3333 0.3333 0.3333 0.3333 0.3333 0.3333
50 50
33.3350
0.3333 0.3333 0.3333 0.3333 0.3333 0.3333 0.3333 0.3333 0.3333 0.3333 0.3333 0.3333 0.3333 0.3333 0.3333 0.3333 0.3333 0.3333 0.3333 0.3333 0.3333 0.3333 0.3333 0.3333 0.3333 0.3333 0.3333 0.3333 0.3333 0.3333 0.3333 0.3333 0.3333 0.3333 0.3333 0.3333 0.3333 0.3333 0.3333 0.3333 0.3333 0.3333 0.3333 0.3333 0.3333 0.3333 0.3333 0.3333 0.3333 0.3333
1 1
0.0000
1.0000
49 33
0.0143
0.9090 0.5915 0.4669 0.9837 0.6453 0.8927 0.0173 0.5651 0.4191 0.9931 0.4178 0.7012 0.4841 0.6789 0.8530 0.8248 0.8689 0.9992 0.5604 0.0076 0.6856 0.5993 0.5996 0.1509 0.0902 0.3786 0.2221 0.5252 0.8760 0.6690 0.2424 0.0025 0.9318 0.0023 0.8704 0.2147 0.9035 0.6143 0.0049 0.5784 0.4264 0.0072 0.1485 0.5920 0.4966 0.0989 0.4871 0.7322 0.1058
47 14
0.0114
0.8167 0.6572 0.5776 0.0710 0.1175 0.3117 0.9387 0.5125 0.3948 0.8122 0.5463 0.4167 0.1881 0.3260 0.0047 0.7320 0.3336 0.7926 0.2170 0.8114 0.9796 0.2670 0.8899 0.7502 0.5683 0.2534 0.2297 0.3572 0.8310 0.4998 0.8852 0.2202 0.3454 0.6071 0.2156 0.2096 0.8367 0.0595 0.7546 0.5775 0.9942 0.9715 0.9044 0.8723 0.5307 0.2360 0.3053
2 1
0.0000
1.0000 1.0000
47 26
0.5837
0.9137 0.4499 0.1457 0.2756 0.0082 0.1291 0.8207 0.5373 0.8463 0.8738 0.1213 0.5064 0.6131 0.2916 0.0304 0.7999 0.7619 0.6696 0.7335 0.4186 0.6248 0.0343 0.4740 0.9918 0.2976 0.4096 0.2637 0.3793 0.8003 0.7741 0.3154 0.5646 0.8867 0.9160 0.7167 0.7012 0.5026 0.3950 0.8177 0.8283 0.6048 0.7970 0.3682 0.5603 0.6586 0.3602 0.5956
50 49
22.9968
0.3048 0.0824 0.4082 0.5616 0.1874 0.3111 0.8585 0.8866 0.7748 0.3506 0.4886 0.1714 0.0088 0.9791 0.7538 0.9375 0.0713 0.1741 0.2960 0.3547 0.0658 0.6349 0.8450 0.2994 0.7270 0.1688 0.6259 0.4455 0.4538 0.5057 0.8911 0.0298 0.7295 0.5459 0.6263 0.6111 0.4512 0.5916 0.7007 0.3531 0.8679 0.1690 0.8307 0.5642 0.8664 0.5770 0.8866 0.8990 0.3289 0.7915
50 50
0.0050
0.9999 0.9999 0.9999 0.9999 0.9999 0.9999 0.9999 0.9999 0.9999 0.9999 0.9999 0.9999 0.9999 0.9999 0.9999 0.9999 0.9999 0.9999 0.9999 0.9999 0.9999 0.9999 0.9999 0.9999 0.9999 0.9999 0.9999 0.9999 0.9999 0.9999 0.9999 0.9999 0.9999 0.9999 0.9999 0.9999 0.9999 0.9999 0.9999 0.9999 0.9999 0.9999 0.9999 0.9999 0.9999 0.9999 0.9999 0.9999 0.9999 0.9999
47 30
9.0555
0.5796 0.2883 0.2117 0.4219 0.8926 0.6876 0.3271 0.9970 0.7284 0.4830 0.9841 0.6301 0.5345 0.7594 0.1854 0.3929 0.1412 0.0963 0.5790 0.0315 0.2850 0.6575 0.4830 0.4856 0.0627 0.0229 0.1473 0.7823 0.1236 0.7124 0.4367 0.2630 0.9967 0.4244 0.0505 0.1513 0.8145 0.0381 0.4861 0.2632 0.9887 0.5122 0.1562 0.3299 0.2821 0.1858 0.3971
46 22
2.5988
0.1324 0.2149 0.0737 0.7583 0.4680 0.8257 0.1758 0.8874 0.0464 0.5147 0.0397 0.0873 0.0979 0.3678 0.9414 0.6778 0.9147 0.5138 0.6426 0.8999 0.3443 0.5161 0.8169 0.4307 0.1040 0.8942 0.8488 0.4356 0.8142 0.6953 0.0561 0.4626 0.6880 0.3553 0.4741 0.4980 0.1416 0.1705 0.1917 0.8700 0.4028 0.3655 0.5471 0.6248 0.4549 0.6956
47 46
13.0689
0.9241 0.2683 0.1084 0.3434 0.5484 0.6694 0.5186 0.5881 0.0029 0.3584 0.4768 0.9349 0.8379 0.0552 0.4108 0.5980 0.0149 0.7150 0.8919 0.3187 0.2348 0.8153 0.9478 0.3229 0.9643 0.1845 0.5747 0.4876 0.8274 0.1538 0.0716 0.3533 0.5166 0.0540 0.2851 0.8195 0.7122 0.1003 0.8347 0.1179 0.0937 0.3234 0.9138 0.8002 0.0430 0.1465 0.2523
46 40
15.0495
0.9083 0.6522 0.4338 0.0826 0.0900 0.7962 0.9520 0.4281 0.7948 0.3388 0.4720 0.2780 0.4867 0.5280 0.9925 0.0344 0.5441 0.6589 0.5625 0.0924 0.8259 0.4159 0.7838 0.0342 0.2251 0.2647 0.2816 0.8478 0.5506 0.5163 0.5283 0.0492 0.2859 0.4651 0.9144 0.1919 0.2464 0.2532 0.9558 0.3548 0.9543 0.7261 0.6841 0.2675 0.2721 0.8579
50 12
7.5627
0.5416 0.7122 0.9985 0.8988 0.2883 0.4363 0.3635 0.1467 0.7361 0.9834 0.7268 0.1699 0.8135 0.9431 0.5311 0.8149 0.4255 0.4267 0.0342 0.2636 0.4300 0.8376 0.7246 0.3586 0.4628 0.2853 0.2783 0.1619 0.2781 0.1878 0.4514 0.0559 0.9980 0.8946 0.6052 0.9778 0.5489 0.0820 0.8826 0.9988 0.3571 0.7473 0.6979 0.9625 0.8215 0.1847 0.7400 0.7003 0.7053 0.8931
47 26
2.2784
0.1427 0.1028 0.4354 0.2346 0.6483 0.4923 0.9460 0.9042 0.3635 0.7939 0.6562 0.0708 0.3553 0.8419 0.6852 0.6506 0.5519 0.1664 0.0239 0.1005 0.3364 0.1277 0.6587 0.7586 0.8193 0.5550 0.6641 0.1305 0.9917 0.1637 0.7511 0.8278 0.9770 0.1259 0.8840 0.8489 0.2816 0.1539 0.3204 0.3084 0.1902 0.9963 0.7958 0.8156 0.1370 0.4495 0.9056
47 11
0.0178
0.2098 0.9563 0.3186 0.3764 0.9982 0.3782 0.8744 0.7331 0.7274 0.7987 0.5870 0.7634 0.8534 0.3901 0.4283 0.0742 0.0443 0.9230 0.4496 0.5301 0.3365 0.6018 0.3719 0.2179 0.8226 0.8481 0.1416 0.1112 0.1599 0.6000 0.2608 0.6551 0.4563 0.7658 0.8478 0.7736 0.2074 0.0278 0.8637 0.0073 0.4363 0.5556 0.5715 0.3828 0.3132 0.1659 0.6659
47 30
6.5213
0.2075 0.9890 0.1296 0.6442 0.0997 0.6748 0.6353 0.3762 0.2613 0.3229 0.1083 0.0787 0.9072 0.1081 0.8517 0.6957 0.7788 0.7855 0.4553 0.5762 0.6054 0.3497 0.8528 0.5876 0.1780 0.4480 0.5717 0.0179 0.7936 0.1480 0.7184 0.0678 0.5756 0.7506 0.4827 0.3889 0.4029 0.0842 0.5675 0.2673 0.3447 0.0337 0.7321 0.8457 0.8928 0.8448 0.5523
45 14
0.0010
0.9915 0.3471 0.4385 0.1309 0.8907 0.2340 0.1571 0.5892 0.1879 0.2361 0.4899 0.6625 0.0504 0.6008 0.0657 0.0392 0.3739 0.2474 0.2409 0.5094 0.0800 0.6990 0.7822 0.6603 0.1929 0.8626 0.9044 0.3689 0.0938 0.8433 0.8404 0.8923 0.7217 0.0728 0.0153 0.8460 0.7803 0.4751 0.8900 0.4179 0.5515 0.2038 0.5855 0.9390 0.0729
47 36
0.0169
0.9534 0.5004 0.8160 0.7822 0.7476 0.7335 0.2513 0.8136 0.8812 0.3874 0.7884 0.4139 0.3032 0.4061 0.1008 0.0989 0.8305 0.8109 0.2722 0.6927 0.1984 0.9482 0.5526 0.2237 0.3535 0.8096 0.9384 0.8902 0.1476 0.7297 0.7282 0.9695 0.4336 0.6039 0.5479 0.0234 0.9304 0.8397 0.3223 0.7608 0.5579 0.7821 0.7987 0.8434 0.1578 0.3661 0.3864
46 20
0.0159
0.9451 0.1776 0.1269 0.1680 0.1653 0.8366 0.5377 0.1757 0.6738 0.0210 0.5416 0.7791 0.2295 0.6955 0.1238 0.3065 0.1482 0.8041 0.6506 0.4304 0.4052 0.0037 0.0998 0.6008 0.1550 0.4703 0.2001 0.4860 0.7035 0.2221 0.2296 0.9473 0.5766 0.1875 0.0575 0.0068 0.1079 0.7947 0.1977 0.1617 0.5839 0.5028 0.5262 0.0158 0.1536 0.0131
2 1
0.5000
0.5000 0.5000
49 24
0.0165
0.1167 0.0448 0.9194 0.3783 0.8480 0.9393 0.3443 0.3658 0.8624 0.7750 0.3625 0.9178 0.3326 0.5712 0.7854 0.5365 0.7674 0.9364 0.4843 0.4005 0.9175 0.1904 0.0728 0.9474 0.2969 0.8371 0.8567 0.2205 0.7744 0.2842 0.3617 0.9072 0.5468 0.5886 0.6502 0.6136 0.6815 0.3417 0.0913 0.8253 0.1802 0.0984 0.4185 0.3853 0.9719 0.0541 0.6774 0.5325 0.0221
48 33
0.0162
0.3083 0.9244 0.2546 0.2307 0.0470 0.4802 0.3639 0.5178 0.5837 0.9906 0.5247 0.2711 0.2176 0.1136 0.9037 0.8206 0.6340 0.0128 0.6959 0.8908 0.5875 0.4887 0.9159 0.7025 0.3291 0.0872 0.6385 0.9665 0.1718 0.6624 0.5036 0.0983 0.6316 0.9723 0.6543 0.5298 0.2758 0.9560 0.9654 0.8047 0.5930 0.3105 0.5321 0.8443 0.5780 0.8401 0.8411 0.1188
50 49
0.0050
0.9999 0.9999 0.9999 0.9999 0.9999 0.9999 0.9999 0.9999 0.9999 0.9999 0.9999 0.9999 0.9999 0.9999 0.9999 0.9999 0.9999 0.9999 0.9999 0.9999 0.9999 0.9999 0.9999 0.9999 0.9999 0.9999 0.9999 0.9999 0.9999 0.9999 0.9999 0.9999 0.9999 0.9999 0.9999 0.9999 0.9999 0.9999 0.9999 0.9999 0.9999 0.9999 0.9999 0.9999 0.9999 0.9999 0.9999 0.9999 0.9999 0.9999
4 4
1.3999
0.7000 0.6000 0.8000 0.5000
45 34
0.0170
0.8401 0.6358 0.9826 0.7786 0.0654 0.0329 0.4475 0.7704 0.4108 0.9041 0.1239 0.4532 0.0572 0.4024 0.8132 0.7966 0.9088 0.0927 0.6602 0.8279 0.8202 0.6654 0.3565 0.7275 0.7534 0.9830 0.2932 0.3586 0.5623 0.6987 0.3820 0.3150 0.3255 0.5290 0.6770 0.5496 0.1433 0.0850 0.5746 0.0492 0.1810 0.1279 0.0792 0.8077 0.8699
46 39
8.3144
0.0237 0.4866 0.2207 0.6850 0.4713 0.2184 0.9794 0.0582 0.8356 0.4444 0.1396 0.3643 0.2274 0.6372 0.0208 0.2871 0.8059 0.2350 0.6643 0.6464 0.3337 0.6192 0.0207 0.5542 0.0863 0.9530 0.0739 0.6613 0.5154 0.9344 0.1688 0.6486 0.5542 0.5482 0.8733 0.1454 0.5672 0.9200 0.8755 0.9079 0.0490 0.5780 0.0798 0.9926 0.4251 0.0494
50 50
0.0000
0.8700 0.8700 0.8700 0.8700 0.8700 0.8700 0.8700 0.8700 0.8700 0.8700 0.8700 0.8700 0.8700 0.8700 0.8700 0.8700 0.8700 0.8700 0.8700 0.8700 0.8700 0.8700 0.8700 0.8700 0.8700 0.8700 0.8700 0.8700 0.8700 0.8700 0.8700 0.8700 0.8700 0.8700 0.8700 0.8700 0.8700 0.8700 0.8700 0.8700 0.8700 0.8700 0.8700 0.8700 0.8700 0.8700 0.8700 0.8700 0.8700 0.8700
47 22
0.0045
0.1195 0.7900 0.8783 0.6923 0.8102 0.0502 0.9640 0.4451 0.5484 0.4811 0.6247 0.0713 0.4649 0.9291 0.4765 0.0985 0.0864 0.8181 0.9987 0.4753 0.9955 0.1212 0.1068 0.9534 0.4263 0.2184 0.1819 0.1659 0.1264 0.7793 0.2642 0.9641 0.8568 0.2864 0.6141 0.4004 0.8522 0.9167 0.3785 0.7636 0.7618 0.5427 0.7540 0.9252 0.6359 0.3383 0.8882
50 50
50.0000
0.0000 0.0000 0.0000 0.0000 0.0000 0.0000 0.0000 0.0000 0.0000 0.0000 0.0000 0.0000 0.0000 0.0000 0.0000 0.0000 0.0000 0.0000 0.0000 0.0000 0.0000 0.0000 0.0000 0.0000 0.0000 0.0000 0.0000 0.0000 0.0000 0.0000 0.0000 0.0000 0.0000 0.0000 0.0000 0.0000 0.0000 0.0000 0.0000 0.0000 0.0000 0.0000 0.0000 0.0000 0.0000 0.0000 0.0000 0.0000 0.0000 0.0000
49 26
0.0263
0.0000 0.3321 0.5837 0.2108 0.1968 0.6664 0.2678 0.3399 0.7624 0.0996 0.2538 0.4672 0.3932 0.2578 0.6172 0.6865 0.7295 0.7217 0.6930 0.2851 0.0186 0.7674 0.5750 0.1475 0.2681 0.4714 0.0824 0.1017 0.0793 0.3920 0.3783 0.3876 0.4981 0.2278 0.8349 0.5109 0.0050 0.0046 0.7667 0.7493 0.4937 0.8347 0.4589 0.7861 0.2762 0.0871 0.5624 0.0477 0.9493
45 12
0.0014
0.2894 0.4543 0.6277 0.9420 0.5549 0.1921 0.7470 0.1365 0.8165 0.5716 0.1154 0.8855 0.3617 0.2656 0.4882 0.1624 0.7664 0.2031 0.2736 0.0876 0.5132 0.6519 0.2184 0.4475 0.0072 0.8052 0.5300 0.1061 0.3908 0.9695 0.4666 0.5873 0.9291 0.4547 0.0065 0.4305 0.8776 0.7325 0.2019 0.0596 0.1617 0.0567 0.3422 0.6719 0.2845
46 25
0.0116
0.6823 0.0260 0.1942 0.2155 0.2763 0.2984 0.3786 0.8788 0.0408 0.7201 0.3133 0.3661 0.4882 0.4705 0.2298 0.8395 0.3793 0.3340 0.2038 0.3062 0.5106 0.5029 0.0705 0.9103 0.7779 0.5748 0.1118 0.2552 0.0620 0.4270 0.0315 0.1223 0.3247 0.8900 0.7966 0.5821 0.0333 0.3508 0.9886 0.2127 0.7252 0.5410 0.4647 0.7488 0.5216 0.9754
50 4
11.0630
0.1993 0.3224 0.1400 0.9843 0.5910 0.9896 0.8072 0.2496 0.1495 0.4879 0.7932 0.7186 0.9361 0.8312 0.5772 0.4942 0.4449 0.8573 0.5128 0.5659 0.2116 0.0356 0.1810 0.3171 0.3739 0.8226 0.7438 0.9094 0.7084 0.5375 0.2404 0.9443 0.0130 0.4318 0.7642 0.8185 0.9376 0.9486 0.8313 0.0535 0.3104 0.9277 0.4411 0.2604 0.4476 0.6634 0.7610 0.5055 0.6405 0.7226
45 25
3.5904
0.7122 0.1036 0.1824 0.9111 0.4244 0.1018 0.4654 0.8465 0.3880 0.8945 0.1720 0.2361 0.5776 0.5127 0.2692 0.1847 0.3324 0.4972 0.3448 0.5221 0.4520 0.6942 0.8075 0.5679 0.7398 0.7248 0.7976 0.3085 0.7715 0.4820 0.3308 0.3233 0.1272 0.8268 0.4465 0.4031 0.4568 0.2414 0.6697 0.3892 0.4581 0.3252 0.9563 0.3655 0.3028
46 28
5.5183
0.6475 0.8877 0.2533 0.9521 0.8809 0.9204 0.1651 0.6918 0.2048 0.9667 0.3708 0.4717 0.0688 0.1674 0.1113 0.4932 0.2187 0.9229 0.8781 0.9035 0.9877 0.9175 0.5014 0.5982 0.8814 0.0796 0.4670 0.2740 0.1698 0.4107 0.0088 0.7325 0.2470 0.8635 0.7726 0.0222 0.5028 0.0423 0.8080 0.3871 0.4825 0.7130 0.4460 0.4943 0.0820 0.1508
46 22
0.0099
0.9831 0.1770 0.0452 0.7161 0.5447 0.5991 0.6240 0.4411 0.7110 0.8106 0.7483 0.4899 0.3959 0.0214 0.0162 0.9267 0.8750 0.0902 0.3611 0.2543 0.1733 0.8276 0.1663 0.2381 0.7510 0.9842 0.6181 0.4440 0.7430 0.2552 0.9714 0.6019 0.7562 0.7848 0.4795 0.4543 0.9983 0.1608 0.7972 0.0323 0.8113 0.4116 0.3488 0.5423 0.8425 0.2512
50 50
0.0049
0.9999 0.9999 0.9999 0.9999 0.9999 0.9999 0.9999 0.9999 0.9999 0.9999 0.9999 0.9999 0.9999 0.9999 0.9999 0.9999 0.9999 0.9999 0.9999 0.9999 0.9999 0.9999 0.9999 0.9999 0.9999 0.9999 0.9999 0.9999 0.9999 0.9999 0.9999 0.9999 0.9999 0.9999 0.9999 0.9999 0.9999 0.9999 0.9999 0.9999 0.9999 0.9999 0.9999 0.9999 0.9999 0.9999 0.9999 0.9999 0.9999 0.9999
50 25
1.0000
0.0000 0.0000 0.0000 0.0000 0.0000 0.0000 0.0000 0.0000 0.0000 0.0000 0.0000 0.0000 0.0000 0.0000 0.0000 0.0000 0.0000 0.0000 0.0000 0.0000 0.0000 0.0000 0.0000 0.0000 0.0000 0.0000 0.0000 0.0000 0.0000 0.0000 0.0000 0.0000 0.0000 0.0000 0.0000 0.0000 0.0000 0.0000 0.0000 0.0000 0.0000 0.0000 0.0000 0.0000 0.0000 0.0000 0.0000 0.0000 0.0000 0.0000
45 34
2.5791
0.2993 0.0606 0.0826 0.4260 0.4141 0.0788 0.8581 0.5005 0.7942 0.3924 0.0732 0.7512 0.8528 0.1289 0.5180 0.5086 0.9956 0.6972 0.2205 0.7885 0.2772 0.7246 0.9334 0.4547 0.0410 0.2198 0.6122 0.5020 0.3102 0.5689 0.8648 0.7152 0.5584 0.6158 0.0127 0.4291 0.2066 0.5226 0.8736 0.2955 0.4058 0.9425 0.0097 0.5983 0.1838
4 4
0.0001
0.0000 0.0000 0.0000 0.0000
2 1
0.3333
0.5000 0.5000
50 25
1.0000
0.3333 0.3333 0.3333 0.3333 0.3333 0.3333 0.3333 0.3333 0.3333 0.3333 0.3333 0.3333 0.3333 0.3333 0.3333 0.3333 0.3333 0.3333 0.3333 0.3333 0.3333 0.3333 0.3333 0.3333 0.3333 0.3333 0.3333 0.3333 0.3333 0.3333 0.3333 0.3333 0.3333 0.3333 0.3333 0.3333 0.3333 0.3333 0.3333 0.3333 0.3333 0.3333 0.3333 0.3333 0.3333 0.3333 0.3333 0.3333 0.3333 0.3333
49 11
0.0143
0.1491 0.9744 0.3910 0.3872 0.0324 0.6871 0.4457 0.4387 0.8188 0.6368 0.9246 0.4453 0.4128 0.3373 0.3036 0.1245 0.7820 0.6158 0.2729 0.8043 0.4774 0.9784 0.3388 0.2842 0.5242 0.1795 0.5230 0.0812 0.5313 0.7433 0.0475 0.2313 0.6450 0.8971 0.3008 0.9424 0.6362 0.4026 0.3352 0.3053 0.9448 0.0015 0.2124 0.4579 0.2653 0.5156 0.5361 0.5506 0.6645
49 27
0.4729
0.7162 0.4294 0.4952 0.1311 0.9071 0.1781 0.5847 0.5935 0.1104 0.8412 0.0570 0.2302 0.5639 0.3375 0.9746 0.6316 0.1214 0.4618 0.5650 0.1077 0.6604 0.5811 0.4681 0.1136 0.1376 0.2961 0.2108 0.0609 0.1745 0.2624 0.6375 0.0570 0.0923 0.3446 0.0969 0.0369 0.0197 0.2216 0.8195 0.3037 0.2291 0.2497 0.5064 0.2213 0.5140 0.3301 0.6328 0.3418 0.7880
50 1
50.0000
0.0000 0.0000 0.0000 0.0000 0.0000 0.0000 0.0000 0.0000 0.0000 0.0000 0.0000 0.0000 0.0000 0.0000 0.0000 0.0000 0.0000 0.0000 0.0000 0.0000 0.0000 0.0000 0.0000 0.0000 0.0000 0.0000 0.0000 0.0000 0.0000 0.0000 0.0000 0.0000 0.0000 0.0000 0.0000 0.0000 0.0000 0.0000 0.0000 0.0000 0.0000 0.0000 0.0000 0.0000 0.0000 0.0000 0.0000 0.0000 0.0000 0.0000
48 9
0.0045
0.8561 0.4332 0.8578 0.0796 0.3002 0.3875 0.7398 0.3708 0.8186 0.3219 0.5905 0.9457 0.3536 0.2074 0.2091 0.2949 0.3321 0.6692 0.7670 0.8308 0.1153 0.1833 0.2485 0.3771 0.4150 0.3859 0.0042 0.3795 0.1680 0.0026 0.8205 0.2116 0.9398 0.2379 0.8138 0.1921 0.6773 0.7012 0.0230 0.7831 0.1343 0.1137 0.5298 0.0321 0.7287 0.5915 0.1058 0.1157
45 32
0.0027
0.6717 0.7798 0.2187 0.1201 0.3624 0.9531 0.7065 0.8246 0.1433 0.9086 0.8749 0.3792 0.5785 0.1540 0.1734 0.0372 0.3932 0.8428 0.0708 0.1525 0.9806 0.6180 0.2813 0.6378 0.6804 0.8605 0.2620 0.4292 0.0423 0.6883 0.6462 0.6446 0.5050 0.0487 0.5234 0.2539 0.1911 0.2970 0.1753 0.0140 0.7069 0.1441 0.1245 0.5498 0.0209
45 34
0.0115
0.3055 0.6864 0.6852 0.6125 0.4181 0.0028 0.2016 0.1142 0.4358 0.7943 0.9771 0.0929 0.6914 0.6668 0.5596 0.6170 0.7277 0.1161 0.9268 0.6570 0.9114 0.1654 0.7094 0.6557 0.0829 0.4660 0.1206 0.3470 0.3490 0.6150 0.6729 0.7052 0.6715 0.4508 0.4603 0.8526 0.7794 0.1498 0.9682 0.4469 0.0199 0.2868 0.9167 0.8709 0.4475
1 1
0.5000
0.5000
49 42
0.0094
0.6048 0.4732 0.6323 0.9082 0.2906 0.3439 0.3574 0.3703 0.8386 0.4433 0.0027 0.9597 0.4142 0.5202 0.1988 0.1180 0.1170 0.8482 0.9473 0.8880 0.5773 0.4442 0.8361 0.3467 0.8140 0.2755 0.2021 0.1577 0.4956 0.6073 0.8200 0.0955 0.6579 0.0619 0.8828 0.4217 0.8063 0.7758 0.0660 0.4119 0.0160 0.4752 0.9204 0.3389 0.6907 0.5941 0.1670 0.6486 0.4770
45 22
0.0057
0.1123 0.4342 0.3271 0.3402 0.9950 0.0381 0.0443 0.0707 0.2726 0.6364 0.9281 0.2291 0.6740 0.4222 0.1895 0.1337 0.3835 0.0972 0.1633 0.0676 0.5700 0.4427 0.3680 0.5869 0.8766 0.0388 0.3206 0.7594 0.8953 0.7208 0.0940 0.7925 0.5948 0.5410 0.9339 0.4499 0.0062 0.5511 0.3764 0.4582 0.8594 0.7626 0.4733 0.2700 0.3574
49 39
0.0208
0.6159 0.7118 0.4049 0.2856 0.6111 0.7209 0.4124 0.4038 0.3303 0.9972 0.8626 0.8084 0.1252 0.0819 0.6408 0.8395 0.8012 0.2980 0.7807 0.1649 0.8028 0.1277 0.4577 0.0757 0.8982 0.5313 0.5753 0.0575 0.6158 0.3025 0.7451 0.5903 0.0506 0.9509 0.2491 0.5980 0.8902 0.4087 0.8293 0.9643 0.8937 0.3560 0.0872 0.7629 0.4847 0.6021 0.4219 0.3919 0.8677
